1 227 
2 227 
3 227 
3 229 
4 226 
4 227 
4 229 
5 227 
5 228 
5 229 
6 229 
6 230 
6 233 
7 228 
7 229 
7 230 
7 232 
7 233 
8 229 
8 230 
8 231 
8 233 
9 231 
9 232 
9 233 
10 223 
10 231 
11 223 
11 231 
11 232 
11 235 
12 223 
12 231 
12 233 
12 234 
12 235 
13 223 
13 224 
13 225 
13 229 
13 231 
13 233 
13 235 
14 206 
14 223 
14 224 
14 229 
14 230 
14 231 
14 233 
15 206 
15 221 
15 223 
15 224 
15 230 
15 231 
15 232 
15 233 
16 206 
16 218 
16 221 
16 223 
16 230 
16 233 
16 234 
16 235 
17 205 
17 206 
17 218 
17 219 
17 220 
17 221 
17 222 
17 223 
17 227 
17 228 
17 229 
17 230 
17 231 
17 233 
18 206 
18 218 
18 221 
18 222 
18 229 
18 230 
18 231 
19 206 
19 222 
19 229 
20 206 
20 208 
20 209 
20 218 
20 219 
20 220 
20 221 
20 222 
20 228 
20 229 
20 230 
21 206 
21 207 
21 208 
21 222 
21 223 
21 229 
22 202 
22 203 
22 206 
22 207 
22 208 
22 209 
22 216 
22 217 
22 218 
22 219 
22 220 
22 222 
22 229 
23 203 
23 204 
23 205 
23 206 
23 217 
23 218 
23 220 
23 221 
23 222 
23 229 
23 230 
23 231 
24 206 
24 222 
24 229 
25 206 
25 207 
25 208 
25 221 
25 222 
25 223 
25 224 
25 228 
25 229 
25 230 
26 206 
26 207 
26 223 
26 228 
26 229 
27 205 
27 206 
27 207 
27 223 
27 228 
27 234 
27 235 
27 236 
28 207 
28 216 
28 217 
28 223 
28 227 
28 228 
28 229 
28 234 
28 235 
28 236 
29 179 
29 180 
29 206 
29 207 
29 208 
29 209 
29 211 
29 212 
29 216 
29 219 
29 223 
29 225 
29 226 
29 227 
29 228 
29 229 
29 232 
29 233 
29 234 
29 235 
29 236 
30 179 
30 206 
30 209 
30 210 
30 211 
30 212 
30 213 
30 216 
30 219 
30 222 
30 223 
30 224 
30 225 
30 227 
30 228 
30 229 
30 230 
30 231 
30 232 
30 233 
30 234 
30 235 
30 236 
31 177 
31 178 
31 179 
31 186 
31 187 
31 209 
31 211 
31 213 
31 214 
31 215 
31 216 
31 219 
31 220 
31 222 
31 225 
31 229 
31 231 
32 179 
32 187 
32 214 
32 220 
32 222 
32 223 
33 178 
33 179 
33 180 
33 187 
33 213 
33 214 
33 220 
33 221 
33 222 
34 180 
34 185 
34 186 
34 187 
34 188 
34 189 
34 212 
34 213 
34 214 
34 218 
34 219 
34 220 
35 180 
35 187 
35 214 
35 218 
35 219 
35 220 
36 178 
36 180 
36 187 
36 189 
36 190 
36 213 
36 214 
36 216 
36 218 
37 178 
37 180 
37 182 
37 186 
37 187 
37 188 
37 189 
37 211 
37 212 
37 213 
37 214 
37 215 
37 216 
37 217 
37 218 
37 219 
38 178 
38 179 
38 180 
38 181 
38 182 
38 183 
38 184 
38 186 
38 189 
38 190 
38 212 
38 217 
38 218 
38 219 
38 220 
39 177 
39 178 
39 183 
39 185 
39 186 
39 217 
39 219 
39 241 
40 178 
40 183 
40 185 
40 215 
40 216 
40 217 
40 238 
40 239 
40 241 
41 177 
41 178 
41 182 
41 183 
41 184 
41 185 
41 217 
41 220 
41 238 
41 241 
41 242 
41 243 
42 185 
42 186 
42 187 
42 217 
42 220 
42 221 
42 238 
42 239 
42 240 
42 241 
42 242 
42 243 
42 244 
42 245 
43 180 
43 181 
43 185 
43 187 
43 188 
43 217 
43 218 
43 219 
43 220 
43 221 
43 222 
43 237 
43 238 
43 239 
44 178 
44 179 
44 180 
44 181 
44 182 
44 183 
44 184 
44 185 
44 216 
44 217 
44 218 
44 237 
44 238 
45 180 
45 181 
45 184 
45 185 
45 208 
45 216 
45 217 
45 237 
46 180 
46 183 
46 184 
46 185 
46 188 
46 189 
46 208 
46 217 
46 219 
46 232 
46 237 
47 185 
47 186 
47 187 
47 188 
47 208 
47 214 
47 215 
47 216 
47 217 
47 218 
47 219 
47 231 
47 232 
47 236 
47 237 
47 238 
48 183 
48 184 
48 185 
48 187 
48 208 
48 209 
48 216 
48 219 
48 232 
48 233 
48 236 
49 186 
49 187 
49 188 
49 189 
49 190 
49 207 
49 208 
49 209 
49 216 
49 217 
49 233 
49 234 
49 235 
49 236 
49 244 
49 245 
50 184 
50 185 
50 186 
50 187 
50 189 
50 208 
50 209 
50 210 
50 217 
50 223 
50 233 
50 243 
50 244 
51 187 
51 205 
51 206 
51 208 
51 209 
51 210 
51 211 
51 215 
51 217 
51 218 
51 219 
51 220 
51 221 
51 222 
51 223 
51 224 
51 225 
51 233 
51 243 
51 246 
52 187 
52 206 
52 207 
52 208 
52 211 
52 214 
52 215 
52 216 
52 217 
52 218 
52 219 
52 220 
52 233 
52 241 
52 242 
52 243 
52 244 
52 245 
52 246 
53 183 
53 184 
53 185 
53 187 
53 211 
53 215 
53 218 
53 232 
53 233 
53 234 
53 235 
53 239 
53 241 
54 181 
54 182 
54 183 
54 184 
54 185 
54 186 
54 187 
54 211 
54 215 
54 218 
54 234 
54 237 
54 238 
54 239 
54 240 
54 241 
54 242 
54 243 
54 244 
54 245 
54 246 
54 247 
54 248 
54 249 
55 187 
55 200 
55 201 
55 211 
55 212 
55 215 
55 225 
55 226 
55 234 
55 235 
55 236 
55 237 
55 238 
56 184 
56 185 
56 186 
56 187 
56 200 
56 204 
56 211 
56 212 
56 213 
56 214 
56 215 
56 226 
56 234 
57 164 
57 187 
57 200 
57 201 
57 202 
57 204 
57 212 
57 225 
57 226 
57 227 
57 232 
57 234 
57 241 
58 164 
58 172 
58 186 
58 187 
58 188 
58 202 
58 203 
58 204 
58 208 
58 209 
58 210 
58 211 
58 212 
58 217 
58 225 
58 226 
58 232 
58 233 
58 234 
58 235 
58 241 
58 242 
59 164 
59 165 
59 170 
59 171 
59 172 
59 173 
59 183 
59 188 
59 196 
59 197 
59 198 
59 199 
59 200 
59 201 
59 203 
59 211 
59 212 
59 213 
59 214 
59 215 
59 216 
59 217 
59 219 
59 220 
59 223 
59 225 
59 226 
59 227 
59 232 
59 241 
60 165 
60 166 
60 172 
60 173 
60 183 
60 184 
60 188 
60 189 
60 190 
60 191 
60 199 
60 201 
60 203 
60 204 
60 210 
60 211 
60 219 
60 222 
60 223 
60 224 
60 225 
60 232 
60 240 
60 241 
60 242 
60 243 
60 246 
60 248 
61 165 
61 166 
61 167 
61 169 
61 173 
61 174 
61 175 
61 184 
61 185 
61 186 
61 187 
61 188 
61 201 
61 203 
61 210 
61 219 
61 221 
61 222 
61 229 
61 230 
61 231 
61 232 
61 233 
61 234 
61 235 
61 236 
61 237 
61 238 
61 239 
61 240 
61 242 
61 243 
61 244 
61 245 
61 246 
61 247 
61 248 
61 249 
61 250 
62 166 
62 167 
62 168 
62 169 
62 170 
62 173 
62 181 
62 182 
62 183 
62 184 
62 187 
62 196 
62 197 
62 198 
62 199 
62 200 
62 201 
62 202 
62 203 
62 210 
62 213 
62 215 
62 216 
62 219 
62 220 
62 221 
62 222 
62 227 
62 230 
62 231 
62 236 
62 238 
62 244 
62 245 
63 161 
63 162 
63 163 
63 164 
63 167 
63 168 
63 170 
63 171 
63 173 
63 184 
63 185 
63 186 
63 187 
63 191 
63 202 
63 210 
63 213 
63 215 
63 217 
63 220 
63 225 
63 226 
63 227 
63 228 
63 229 
63 230 
63 231 
63 232 
63 236 
63 238 
63 245 
63 246 
64 164 
64 167 
64 169 
64 170 
64 171 
64 172 
64 173 
64 174 
64 187 
64 189 
64 190 
64 191 
64 202 
64 203 
64 204 
64 205 
64 206 
64 209 
64 210 
64 213 
64 214 
64 215 
64 216 
64 217 
64 218 
64 219 
64 220 
64 221 
64 222 
64 223 
64 224 
64 225 
64 226 
64 230 
64 238 
64 246 
65 163 
65 164 
65 165 
65 169 
65 174 
65 176 
65 187 
65 188 
65 189 
65 205 
65 209 
65 214 
65 215 
65 218 
65 221 
65 226 
65 230 
65 238 
65 239 
65 242 
66 164 
66 165 
66 166 
66 167 
66 168 
66 169 
66 174 
66 176 
66 188 
66 204 
66 205 
66 206 
66 209 
66 215 
66 217 
66 218 
66 230 
66 239 
66 240 
66 241 
66 242 
67 167 
67 173 
67 174 
67 175 
67 176 
67 187 
67 188 
67 205 
67 208 
67 209 
67 214 
67 215 
67 216 
67 217 
67 230 
67 239 
68 161 
68 164 
68 167 
68 172 
68 173 
68 174 
68 176 
68 186 
68 187 
68 200 
68 201 
68 202 
68 204 
68 205 
68 206 
68 207 
68 208 
68 209 
68 215 
68 218 
68 239 
69 161 
69 162 
69 163 
69 164 
69 165 
69 166 
69 167 
69 176 
69 179 
69 185 
69 187 
69 189 
69 190 
69 202 
69 204 
69 205 
69 206 
69 215 
69 216 
69 217 
69 218 
70 161 
70 163 
70 167 
70 168 
70 174 
70 175 
70 176 
70 177 
70 178 
70 179 
70 185 
70 186 
70 187 
70 188 
70 189 
70 196 
70 202 
70 203 
70 206 
70 208 
70 214 
70 215 
70 217 
70 218 
70 219 
71 163 
71 167 
71 174 
71 176 
71 179 
71 180 
71 181 
71 187 
71 189 
71 195 
71 196 
71 202 
71 203 
71 204 
71 205 
71 206 
71 208 
71 213 
71 214 
71 219 
72 163 
72 173 
72 174 
72 180 
72 181 
72 182 
72 183 
72 184 
72 187 
72 188 
72 189 
72 190 
72 191 
72 192 
72 196 
72 206 
72 208 
72 213 
73 173 
73 174 
73 180 
73 182 
73 184 
73 185 
73 186 
73 187 
73 189 
73 196 
73 206 
73 207 
73 208 
73 213 
74 180 
74 182 
74 184 
74 186 
74 189 
74 190 
74 196 
74 208 
74 213 
74 214 
74 215 
74 216 
75 179 
75 180 
75 186 
75 189 
75 190 
75 191 
75 192 
75 196 
75 208 
75 209 
75 213 
75 220 
75 221 
75 222 
75 223 
76 178 
76 179 
76 185 
76 186 
76 192 
76 193 
76 194 
76 195 
76 196 
76 208 
76 209 
76 213 
76 214 
76 217 
76 218 
76 219 
76 220 
76 221 
77 178 
77 192 
77 196 
77 197 
77 201 
77 208 
77 209 
77 212 
77 213 
77 215 
77 216 
77 217 
77 221 
78 188 
78 189 
78 190 
78 191 
78 192 
78 193 
78 197 
78 200 
78 201 
78 209 
78 210 
78 212 
78 213 
78 214 
78 215 
78 216 
78 217 
78 218 
78 221 
79 189 
79 191 
79 195 
79 196 
79 197 
79 199 
79 200 
79 209 
79 210 
79 211 
79 212 
79 214 
79 216 
79 218 
80 191 
80 195 
80 197 
80 198 
80 199 
80 210 
80 216 
81 191 
81 197 
81 199 
81 200 
81 209 
81 210 
81 211 
81 212 
82 191 
82 196 
82 197 
82 198 
82 199 
82 208 
82 209 
82 210 
83 199 
83 200 
83 210 
84 197 
84 199 
84 209 
84 210 
85 195 
85 196 
85 197 
85 198 
85 199 
85 210 
85 214 
86 199 
86 200 
86 210 
86 214 
86 215 
87 195 
87 199 
87 200 
87 201 
87 210 
87 212 
87 213 
87 214 
87 215 
88 195 
88 196 
88 197 
88 198 
88 199 
88 200 
88 201 
88 210 
88 211 
88 212 
88 213 
88 214 
89 194 
89 195 
89 196 
89 198 
89 199 
89 201 
89 202 
89 203 
89 204 
89 205 
89 210 
89 211 
89 214 
89 215 
89 216 
89 235 
90 195 
90 196 
90 198 
90 205 
90 206 
90 211 
90 233 
90 234 
90 235 
91 194 
91 195 
91 205 
91 206 
91 210 
91 211 
91 212 
91 232 
91 233 
91 234 
92 193 
92 194 
92 205 
92 206 
92 210 
92 211 
92 233 
92 246 
93 193 
93 194 
93 199 
93 200 
93 201 
93 202 
93 206 
93 210 
93 233 
93 246 
94 202 
94 205 
94 206 
94 207 
94 210 
94 227 
94 231 
94 232 
94 233 
94 245 
94 246 
95 202 
95 203 
95 204 
95 205 
95 207 
95 210 
95 226 
95 227 
95 230 
95 231 
95 245 
95 246 
95 247 
95 251 
96 202 
96 207 
96 210 
96 217 
96 226 
96 231 
96 232 
96 246 
96 251 
97 202 
97 207 
97 208 
97 209 
97 210 
97 211 
97 216 
97 217 
97 219 
97 220 
97 221 
97 222 
97 226 
97 227 
97 228 
97 231 
97 244 
97 245 
97 246 
97 249 
97 251 
97 253 
98 201 
98 202 
98 206 
98 207 
98 208 
98 209 
98 216 
98 217 
98 219 
98 220 
98 221 
98 228 
98 230 
98 231 
98 245 
98 249 
98 250 
98 251 
98 252 
98 253 
98 254 
98 255 
98 256 
99 209 
99 216 
99 217 
99 218 
99 219 
99 228 
99 230 
99 241 
99 242 
99 243 
99 244 
99 245 
99 249 
99 250 
99 251 
99 252 
99 253 
99 255 
100 209 
100 217 
100 225 
100 226 
100 227 
100 228 
100 229 
100 230 
100 243 
100 249 
100 250 
100 252 
100 253 
101 199 
101 200 
101 201 
101 205 
101 209 
101 210 
101 211 
101 212 
101 215 
101 216 
101 217 
101 226 
101 230 
101 231 
101 232 
101 233 
101 241 
101 243 
101 246 
101 247 
101 248 
101 249 
102 201 
102 202 
102 203 
102 204 
102 205 
102 206 
102 207 
102 208 
102 209 
102 210 
102 211 
102 212 
102 216 
102 226 
102 227 
102 240 
102 241 
102 242 
102 243 
102 244 
102 245 
102 246 
102 247 
102 249 
103 202 
103 204 
103 205 
103 206 
103 211 
103 216 
103 225 
103 226 
103 227 
103 238 
103 239 
103 240 
103 241 
103 242 
103 243 
103 245 
103 247 
104 211 
104 212 
104 216 
104 220 
104 225 
104 238 
104 242 
104 245 
104 247 
105 211 
105 216 
105 218 
105 219 
105 220 
105 221 
105 222 
105 223 
105 224 
105 225 
105 236 
105 238 
105 247 
105 248 
105 249 
106 211 
106 212 
106 213 
106 214 
106 215 
106 216 
106 217 
106 218 
106 220 
106 222 
106 225 
106 227 
106 232 
106 233 
106 234 
106 235 
106 236 
106 237 
106 238 
106 239 
106 248 
107 213 
107 225 
107 226 
107 227 
107 228 
107 229 
107 230 
107 231 
107 232 
107 234 
107 239 
107 240 
107 248 
107 249 
107 250 
107 251 
107 252 
108 199 
108 202 
108 213 
108 214 
108 215 
108 227 
108 230 
108 232 
108 234 
108 240 
108 241 
108 249 
108 252 
109 194 
109 195 
109 196 
109 197 
109 198 
109 199 
109 200 
109 201 
109 202 
109 203 
109 204 
109 205 
109 206 
109 213 
109 214 
109 215 
109 227 
109 230 
109 234 
109 241 
110 196 
110 203 
110 206 
110 213 
110 215 
110 230 
110 231 
110 234 
110 235 
111 203 
111 206 
111 207 
111 208 
111 209 
111 213 
111 231 
111 234 
112 203 
112 205 
112 206 
112 207 
112 209 
112 210 
112 211 
112 212 
112 213 
112 231 
113 206 
113 210 
113 212 
113 231 
113 232 
114 137 
114 212 
114 213 
114 214 
114 232 
115 137 
115 212 
116 136 
116 137 
116 147 
116 148 
116 202 
116 210 
116 211 
116 212 
116 213 
116 214 
117 137 
117 138 
117 146 
117 147 
117 148 
117 202 
117 209 
117 210 
117 224 
118 125 
118 126 
118 137 
118 146 
118 147 
118 202 
118 206 
118 207 
118 210 
118 218 
118 224 
119 125 
119 126 
119 134 
119 135 
119 136 
119 137 
119 145 
119 146 
119 147 
119 148 
119 202 
119 207 
119 210 
119 218 
119 224 
119 225 
119 226 
120 126 
120 127 
120 136 
120 142 
120 143 
120 146 
120 202 
120 205 
120 206 
120 207 
120 210 
120 216 
120 217 
120 218 
120 222 
120 224 
121 126 
121 128 
121 129 
121 136 
121 137 
121 138 
121 141 
121 142 
121 143 
121 144 
121 145 
121 146 
121 200 
121 201 
121 202 
121 206 
121 207 
121 210 
121 211 
121 212 
121 216 
121 222 
121 224 
121 227 
121 228 
121 229 
121 230 
121 231 
121 232 
121 233 
121 234 
122 126 
122 127 
122 128 
122 129 
122 130 
122 134 
122 138 
122 144 
122 145 
122 202 
122 203 
122 204 
122 205 
122 206 
122 207 
122 208 
122 209 
122 210 
122 211 
122 212 
122 216 
122 222 
122 223 
122 224 
122 227 
122 228 
122 233 
123 129 
123 134 
123 135 
123 138 
123 144 
123 145 
123 150 
123 152 
123 191 
123 206 
123 207 
123 208 
123 211 
123 212 
123 215 
123 216 
123 220 
123 221 
123 222 
123 224 
123 225 
123 226 
123 227 
124 126 
124 127 
124 128 
124 129 
124 130 
124 131 
124 132 
124 133 
124 134 
124 135 
124 136 
124 138 
124 144 
124 145 
124 150 
124 151 
124 152 
124 153 
124 191 
124 207 
124 212 
124 214 
124 215 
124 219 
124 220 
124 225 
124 226 
124 227 
124 228 
124 229 
125 127 
125 130 
125 134 
125 136 
125 137 
125 138 
125 139 
125 144 
125 145 
125 150 
125 191 
125 211 
125 212 
125 213 
125 214 
125 215 
125 216 
125 217 
125 218 
125 219 
125 220 
125 222 
125 225 
126 127 
126 139 
126 144 
126 148 
126 149 
126 150 
126 191 
126 192 
126 212 
126 220 
126 221 
126 222 
127 52 
127 54 
127 55 
127 57 
127 127 
127 136 
127 139 
127 140 
127 141 
127 144 
127 145 
127 149 
127 191 
127 192 
127 211 
127 212 
127 222 
127 223 
128 52 
128 55 
128 56 
128 57 
128 127 
128 136 
128 137 
128 138 
128 139 
128 140 
128 141 
128 144 
128 149 
128 150 
128 151 
128 192 
128 211 
128 212 
129 51 
129 52 
129 53 
129 54 
129 55 
129 57 
129 135 
129 136 
129 141 
129 144 
129 149 
129 150 
129 154 
129 192 
129 194 
129 210 
129 211 
129 212 
129 213 
129 214 
130 54 
130 55 
130 135 
130 141 
130 144 
130 145 
130 150 
130 151 
130 152 
130 153 
130 154 
130 186 
130 191 
130 192 
130 193 
130 194 
130 213 
130 218 
131 55 
131 108 
131 109 
131 141 
131 142 
131 143 
131 144 
131 145 
131 146 
131 148 
131 150 
131 184 
131 185 
131 186 
131 187 
131 188 
131 194 
131 213 
131 218 
132 55 
132 56 
132 76 
132 77 
132 107 
132 109 
132 110 
132 146 
132 147 
132 148 
132 149 
132 150 
132 154 
132 182 
132 183 
132 184 
132 185 
132 188 
132 194 
132 211 
132 212 
132 213 
132 218 
133 55 
133 58 
133 72 
133 73 
133 77 
133 78 
133 107 
133 108 
133 109 
133 110 
133 112 
133 113 
133 114 
133 143 
133 146 
133 147 
133 154 
133 155 
133 156 
133 188 
133 192 
133 193 
133 194 
133 208 
133 209 
133 210 
133 211 
133 212 
133 218 
133 238 
133 239 
134 53 
134 55 
134 56 
134 57 
134 58 
134 73 
134 76 
134 77 
134 110 
134 112 
134 113 
134 114 
134 141 
134 142 
134 143 
134 147 
134 154 
134 188 
134 189 
134 190 
134 193 
134 194 
134 212 
134 213 
134 218 
134 219 
134 220 
134 221 
134 238 
135 53 
135 57 
135 73 
135 74 
135 75 
135 76 
135 109 
135 110 
135 112 
135 140 
135 141 
135 142 
135 143 
135 144 
135 145 
135 146 
135 147 
135 154 
135 190 
135 194 
135 211 
135 212 
135 213 
135 214 
135 215 
135 218 
135 232 
135 233 
135 238 
135 239 
136 52 
136 53 
136 56 
136 57 
136 76 
136 110 
136 111 
136 112 
136 142 
136 146 
136 147 
136 154 
136 185 
136 186 
136 187 
136 188 
136 189 
136 190 
136 191 
136 194 
136 196 
136 212 
136 214 
136 215 
136 218 
136 231 
136 232 
136 236 
136 237 
136 238 
136 239 
136 243 
137 51 
137 53 
137 57 
137 67 
137 76 
137 104 
137 106 
137 111 
137 112 
137 113 
137 114 
137 142 
137 147 
137 153 
137 154 
137 155 
137 185 
137 191 
137 192 
137 193 
137 194 
137 195 
137 196 
137 197 
137 198 
137 214 
137 218 
137 219 
137 220 
137 231 
137 234 
137 235 
137 236 
137 237 
137 238 
137 239 
137 240 
137 241 
137 242 
137 243 
137 244 
138 50 
138 51 
138 52 
138 53 
138 57 
138 58 
138 67 
138 76 
138 102 
138 103 
138 104 
138 105 
138 106 
138 111 
138 147 
138 153 
138 194 
138 195 
138 197 
138 198 
138 214 
138 218 
138 231 
138 232 
138 234 
138 242 
138 243 
138 244 
138 245 
139 52 
139 53 
139 56 
139 57 
139 67 
139 73 
139 76 
139 102 
139 106 
139 111 
139 112 
139 147 
139 148 
139 150 
139 153 
139 198 
139 199 
139 213 
139 214 
139 217 
139 218 
139 231 
139 234 
139 235 
139 236 
139 244 
140 51 
140 52 
140 53 
140 54 
140 55 
140 56 
140 67 
140 73 
140 75 
140 76 
140 106 
140 111 
140 148 
140 149 
140 150 
140 151 
140 152 
140 153 
140 194 
140 198 
140 214 
140 217 
140 231 
140 232 
140 233 
140 234 
141 51 
141 56 
141 57 
141 59 
141 60 
141 66 
141 67 
141 68 
141 69 
141 73 
141 75 
141 104 
141 105 
141 106 
141 107 
141 111 
141 112 
141 150 
141 151 
141 194 
141 195 
141 196 
141 198 
141 214 
141 217 
141 218 
141 219 
141 231 
141 234 
142 55 
142 56 
142 57 
142 58 
142 59 
142 60 
142 61 
142 62 
142 63 
142 64 
142 67 
142 73 
142 74 
142 75 
142 80 
142 107 
142 108 
142 110 
142 111 
142 151 
142 152 
142 153 
142 196 
142 198 
142 210 
142 214 
142 216 
142 217 
142 230 
142 231 
142 232 
142 233 
142 234 
142 235 
143 38 
143 61 
143 62 
143 63 
143 64 
143 67 
143 75 
143 76 
143 79 
143 80 
143 108 
143 110 
143 111 
143 152 
143 153 
143 154 
143 155 
143 156 
143 195 
143 196 
143 198 
143 199 
143 200 
143 209 
143 210 
143 211 
143 212 
143 213 
143 214 
143 215 
143 216 
143 217 
143 230 
144 38 
144 64 
144 67 
144 68 
144 69 
144 76 
144 79 
144 84 
144 87 
144 106 
144 107 
144 108 
144 109 
144 110 
144 130 
144 145 
144 147 
144 148 
144 153 
144 158 
144 159 
144 160 
144 161 
144 194 
144 195 
144 196 
144 197 
144 198 
144 199 
144 213 
144 214 
144 219 
144 220 
144 227 
144 228 
144 230 
145 38 
145 61 
145 62 
145 63 
145 64 
145 66 
145 67 
145 68 
145 73 
145 74 
145 75 
145 76 
145 77 
145 79 
145 83 
145 84 
145 87 
145 105 
145 110 
145 113 
145 130 
145 131 
145 144 
145 145 
145 146 
145 147 
145 148 
145 149 
145 153 
145 154 
145 155 
145 156 
145 157 
145 158 
145 199 
145 209 
145 211 
145 212 
145 213 
145 214 
145 218 
145 219 
145 228 
145 230 
145 232 
145 234 
145 235 
145 236 
146 37 
146 38 
146 64 
146 65 
146 66 
146 67 
146 68 
146 77 
146 78 
146 79 
146 83 
146 84 
146 85 
146 87 
146 105 
146 106 
146 107 
146 110 
146 113 
146 116 
146 131 
146 148 
146 153 
146 154 
146 198 
146 199 
146 207 
146 208 
146 209 
146 210 
146 211 
146 212 
146 214 
146 215 
146 216 
146 217 
146 218 
146 228 
146 230 
146 231 
146 232 
146 233 
146 234 
146 235 
146 236 
146 239 
147 37 
147 38 
147 64 
147 66 
147 67 
147 68 
147 69 
147 79 
147 80 
147 85 
147 86 
147 87 
147 88 
147 105 
147 106 
147 107 
147 108 
147 109 
147 110 
147 113 
147 114 
147 115 
147 116 
147 117 
147 131 
147 132 
147 147 
147 148 
147 149 
147 150 
147 151 
147 152 
147 153 
147 194 
147 198 
147 199 
147 200 
147 210 
147 211 
147 216 
147 226 
147 228 
147 230 
147 231 
147 232 
147 233 
147 234 
147 236 
147 237 
147 238 
147 239 
148 37 
148 38 
148 39 
148 66 
148 68 
148 69 
148 79 
148 86 
148 110 
148 112 
148 114 
148 115 
148 116 
148 131 
148 132 
148 135 
148 146 
148 147 
148 152 
148 193 
148 194 
148 195 
148 196 
148 197 
148 198 
148 199 
148 200 
148 210 
148 226 
148 228 
148 230 
148 238 
149 37 
149 39 
149 40 
149 69 
149 70 
149 74 
149 79 
149 85 
149 86 
149 87 
149 110 
149 111 
149 112 
149 113 
149 114 
149 128 
149 132 
149 135 
149 138 
149 152 
149 194 
149 195 
149 200 
149 208 
149 210 
149 211 
149 224 
149 225 
149 226 
149 227 
149 228 
149 229 
149 230 
149 231 
149 238 
150 39 
150 48 
150 49 
150 50 
150 52 
150 54 
150 59 
150 69 
150 74 
150 75 
150 79 
150 86 
150 112 
150 114 
150 115 
150 128 
150 131 
150 132 
150 135 
150 136 
150 137 
150 138 
150 152 
150 200 
150 201 
150 202 
150 206 
150 207 
150 208 
150 209 
150 210 
150 223 
150 225 
150 230 
151 39 
151 42 
151 49 
151 50 
151 51 
151 52 
151 53 
151 54 
151 59 
151 66 
151 67 
151 68 
151 69 
151 74 
151 78 
151 79 
151 80 
151 86 
151 112 
151 114 
151 127 
151 128 
151 131 
151 132 
151 138 
151 139 
151 152 
151 153 
151 157 
151 201 
151 210 
151 211 
151 212 
151 219 
151 220 
151 221 
151 222 
151 223 
151 224 
151 225 
152 38 
152 39 
152 40 
152 42 
152 43 
152 50 
152 51 
152 54 
152 55 
152 56 
152 57 
152 59 
152 69 
152 70 
152 71 
152 74 
152 80 
152 84 
152 86 
152 87 
152 102 
152 103 
152 104 
152 114 
152 115 
152 128 
152 129 
152 130 
152 131 
152 132 
152 138 
152 152 
152 156 
152 157 
152 200 
152 201 
152 202 
152 203 
152 204 
152 206 
152 208 
152 211 
152 219 
152 220 
152 224 
153 40 
153 42 
153 57 
153 58 
153 59 
153 71 
153 72 
153 73 
153 74 
153 78 
153 79 
153 80 
153 84 
153 86 
153 87 
153 104 
153 105 
153 114 
153 118 
153 130 
153 131 
153 132 
153 133 
153 136 
153 138 
153 139 
153 152 
153 153 
153 154 
153 155 
153 156 
153 202 
153 203 
153 204 
153 205 
153 206 
153 207 
153 208 
153 211 
153 216 
153 218 
153 219 
153 220 
153 224 
153 225 
153 226 
153 227 
153 228 
153 229 
154 40 
154 42 
154 43 
154 44 
154 59 
154 63 
154 64 
154 73 
154 74 
154 75 
154 77 
154 78 
154 79 
154 80 
154 84 
154 86 
154 105 
154 106 
154 114 
154 115 
154 116 
154 118 
154 131 
154 133 
154 135 
154 136 
154 139 
154 149 
154 152 
154 206 
154 207 
154 208 
154 209 
154 210 
154 211 
154 215 
154 216 
154 217 
154 218 
154 220 
154 229 
154 230 
154 231 
154 232 
154 233 
154 234 
154 235 
154 238 
155 7 
155 40 
155 41 
155 42 
155 43 
155 57 
155 58 
155 59 
155 64 
155 65 
155 73 
155 74 
155 75 
155 76 
155 77 
155 80 
155 81 
155 82 
155 83 
155 84 
155 85 
155 86 
155 104 
155 105 
155 110 
155 111 
155 115 
155 116 
155 117 
155 118 
155 133 
155 134 
155 135 
155 136 
155 137 
155 138 
155 139 
155 140 
155 146 
155 147 
155 148 
155 149 
155 150 
155 151 
155 152 
155 153 
155 154 
155 211 
155 212 
155 215 
155 220 
155 221 
155 222 
155 223 
155 229 
155 232 
155 234 
155 235 
155 236 
155 237 
155 238 
156 6 
156 7 
156 8 
156 10 
156 42 
156 59 
156 65 
156 85 
156 105 
156 106 
156 107 
156 110 
156 111 
156 115 
156 135 
156 136 
156 138 
156 142 
156 152 
156 153 
156 154 
156 155 
156 156 
156 157 
156 174 
156 177 
156 211 
156 212 
156 215 
156 216 
156 217 
156 218 
156 219 
156 222 
156 223 
156 236 
157 8 
157 9 
157 10 
157 39 
157 40 
157 41 
157 42 
157 59 
157 61 
157 62 
157 65 
157 84 
157 85 
157 87 
157 107 
157 108 
157 109 
157 110 
157 111 
157 112 
157 113 
157 114 
157 115 
157 134 
157 135 
157 138 
157 142 
157 154 
157 174 
157 177 
157 178 
157 179 
157 212 
157 214 
157 215 
157 217 
157 219 
157 236 
158 9 
158 16 
158 17 
158 38 
158 39 
158 42 
158 43 
158 54 
158 55 
158 56 
158 57 
158 59 
158 60 
158 61 
158 62 
158 63 
158 65 
158 85 
158 86 
158 87 
158 90 
158 107 
158 112 
158 115 
158 138 
158 139 
158 140 
158 142 
158 154 
158 155 
158 167 
158 168 
158 170 
158 174 
158 177 
158 212 
158 214 
158 215 
158 219 
158 220 
158 221 
158 236 
158 238 
159 9 
159 11 
159 12 
159 13 
159 16 
159 17 
159 27 
159 43 
159 45 
159 57 
159 58 
159 59 
159 63 
159 64 
159 65 
159 66 
159 67 
159 68 
159 84 
159 85 
159 86 
159 90 
159 115 
159 135 
159 136 
159 137 
159 138 
159 140 
159 141 
159 142 
159 150 
159 151 
159 154 
159 168 
159 169 
159 170 
159 174 
159 177 
159 210 
159 211 
159 212 
159 213 
159 214 
159 220 
159 222 
159 236 
159 237 
159 238 
160 4 
160 5 
160 9 
160 12 
160 17 
160 24 
160 25 
160 26 
160 27 
160 34 
160 43 
160 44 
160 45 
160 62 
160 63 
160 64 
160 65 
160 67 
160 73 
160 85 
160 86 
160 90 
160 115 
160 142 
160 143 
160 151 
160 153 
160 154 
160 169 
160 170 
160 171 
160 172 
160 173 
160 174 
160 175 
160 177 
160 210 
160 211 
160 212 
160 214 
160 220 
160 221 
160 222 
160 223 
160 224 
160 225 
160 226 
160 227 
160 228 
161 3 
161 4 
161 5 
161 6 
161 7 
161 8 
161 9 
161 10 
161 11 
161 12 
161 17 
161 19 
161 21 
161 22 
161 25 
161 26 
161 31 
161 34 
161 35 
161 36 
161 45 
161 63 
161 64 
161 67 
161 68 
161 69 
161 70 
161 71 
161 72 
161 73 
161 75 
161 81 
161 83 
161 84 
161 85 
161 90 
161 93 
161 110 
161 112 
161 113 
161 114 
161 115 
161 116 
161 117 
161 143 
161 144 
161 145 
161 151 
161 153 
161 175 
161 176 
161 177 
161 178 
161 179 
161 180 
161 183 
161 211 
161 212 
161 213 
161 228 
162 3 
162 9 
162 10 
162 12 
162 13 
162 14 
162 15 
162 16 
162 17 
162 18 
162 19 
162 20 
162 21 
162 22 
162 25 
162 28 
162 30 
162 31 
162 35 
162 42 
162 45 
162 47 
162 53 
162 73 
162 74 
162 75 
162 76 
162 81 
162 82 
162 83 
162 85 
162 86 
162 90 
162 91 
162 92 
162 93 
162 108 
162 109 
162 110 
162 111 
162 112 
162 115 
162 116 
162 117 
162 118 
162 143 
162 151 
162 153 
162 155 
162 156 
162 157 
162 158 
162 159 
162 173 
162 174 
162 175 
162 180 
162 181 
162 182 
162 183 
162 210 
162 211 
162 212 
163 10 
163 14 
163 16 
163 20 
163 21 
163 22 
163 23 
163 24 
163 25 
163 26 
163 27 
163 28 
163 29 
163 30 
163 31 
163 35 
163 36 
163 37 
163 38 
163 39 
163 40 
163 41 
163 42 
163 43 
163 44 
163 45 
163 47 
163 53 
163 54 
163 75 
163 80 
163 81 
163 84 
163 85 
163 86 
163 87 
163 92 
163 93 
163 94 
163 115 
163 116 
163 143 
163 150 
163 151 
163 152 
163 153 
163 154 
163 155 
163 156 
163 180 
163 181 
163 182 
163 183 
163 212 
163 213 
164 14 
164 16 
164 19 
164 20 
164 21 
164 26 
164 27 
164 29 
164 31 
164 32 
164 33 
164 34 
164 35 
164 37 
164 43 
164 44 
164 45 
164 46 
164 47 
164 48 
164 49 
164 54 
164 56 
164 75 
164 76 
164 87 
164 92 
164 93 
164 116 
164 117 
164 118 
164 143 
164 150 
164 154 
164 181 
164 212 
165 10 
165 12 
165 13 
165 14 
165 16 
165 17 
165 25 
165 26 
165 29 
165 34 
165 35 
165 46 
165 48 
165 51 
165 53 
165 54 
165 55 
165 56 
165 59 
165 60 
165 75 
165 76 
165 78 
165 82 
165 83 
165 84 
165 85 
165 87 
165 89 
165 92 
165 117 
165 118 
165 119 
165 143 
165 145 
165 150 
165 151 
165 154 
165 158 
165 160 
165 181 
165 212 
165 213 
165 214 
165 215 
166 10 
166 11 
166 12 
166 25 
166 28 
166 29 
166 34 
166 35 
166 41 
166 42 
166 43 
166 44 
166 45 
166 46 
166 47 
166 48 
166 49 
166 50 
166 51 
166 52 
166 53 
166 56 
166 58 
166 59 
166 72 
166 73 
166 74 
166 75 
166 76 
166 77 
166 78 
166 79 
166 80 
166 85 
166 87 
166 89 
166 90 
166 92 
166 93 
166 118 
166 141 
166 142 
166 143 
166 144 
166 145 
166 151 
166 154 
166 157 
166 158 
166 159 
166 160 
166 161 
166 180 
166 181 
166 212 
166 229 
166 307 
167 10 
167 11 
167 25 
167 29 
167 35 
167 40 
167 41 
167 44 
167 46 
167 51 
167 56 
167 57 
167 58 
167 59 
167 60 
167 64 
167 68 
167 69 
167 72 
167 74 
167 77 
167 80 
167 83 
167 85 
167 86 
167 87 
167 89 
167 90 
167 92 
167 114 
167 117 
167 118 
167 119 
167 145 
167 146 
167 147 
167 148 
167 151 
167 154 
167 157 
167 180 
167 181 
167 211 
167 212 
167 229 
167 307 
168 4 
168 7 
168 9 
168 10 
168 44 
168 46 
168 50 
168 51 
168 54 
168 55 
168 56 
168 60 
168 61 
168 62 
168 63 
168 64 
168 65 
168 66 
168 67 
168 68 
168 69 
168 70 
168 71 
168 72 
168 74 
168 77 
168 78 
168 80 
168 81 
168 83 
168 86 
168 87 
168 90 
168 91 
168 92 
168 93 
168 112 
168 114 
168 118 
168 119 
168 135 
168 136 
168 145 
168 148 
168 149 
168 150 
168 151 
168 152 
168 153 
168 154 
168 155 
168 156 
168 157 
168 180 
168 181 
168 183 
168 212 
168 220 
168 221 
168 222 
168 229 
168 230 
168 306 
168 307 
169 4 
169 5 
169 6 
169 7 
169 8 
169 9 
169 10 
169 11 
169 12 
169 46 
169 47 
169 50 
169 54 
169 60 
169 64 
169 68 
169 71 
169 74 
169 81 
169 82 
169 83 
169 84 
169 85 
169 86 
169 87 
169 88 
169 89 
169 90 
169 92 
169 112 
169 113 
169 114 
169 115 
169 116 
169 117 
169 118 
169 119 
169 120 
169 135 
169 156 
169 157 
169 177 
169 178 
169 179 
169 180 
169 183 
169 184 
169 185 
169 200 
169 201 
169 202 
169 203 
169 204 
169 207 
169 210 
169 212 
169 213 
169 214 
169 215 
169 216 
169 217 
169 220 
169 227 
169 228 
169 229 
169 230 
169 231 
169 232 
169 307 
169 309 
169 311 
170 5 
170 7 
170 10 
170 68 
170 73 
170 74 
170 83 
170 85 
170 92 
170 115 
170 119 
170 120 
170 133 
170 134 
170 135 
170 150 
170 156 
170 157 
170 180 
170 181 
170 182 
170 183 
170 184 
170 204 
170 207 
170 210 
170 211 
170 212 
170 217 
170 218 
170 219 
170 220 
170 228 
170 288 
170 290 
170 291 
170 304 
170 305 
170 306 
170 307 
170 308 
170 309 
170 310 
170 311 
171 1 
171 2 
171 3 
171 4 
171 5 
171 6 
171 7 
171 9 
171 10 
171 55 
171 56 
171 66 
171 67 
171 68 
171 73 
171 83 
171 92 
171 93 
171 94 
171 95 
171 119 
171 120 
171 121 
171 130 
171 132 
171 134 
171 143 
171 144 
171 150 
171 157 
171 158 
171 178 
171 179 
171 180 
171 181 
171 182 
171 183 
171 204 
171 207 
171 209 
171 210 
171 211 
171 219 
171 227 
171 228 
171 288 
171 289 
171 290 
171 307 
171 308 
171 309 
171 310 
172 7 
172 10 
172 50 
172 56 
172 57 
172 58 
172 59 
172 60 
172 61 
172 62 
172 63 
172 64 
172 65 
172 66 
172 73 
172 91 
172 92 
172 93 
172 120 
172 121 
172 129 
172 130 
172 131 
172 132 
172 133 
172 134 
172 144 
172 149 
172 150 
172 156 
172 157 
172 178 
172 179 
172 180 
172 183 
172 203 
172 204 
172 205 
172 206 
172 207 
172 208 
172 210 
172 227 
172 289 
172 290 
172 307 
172 308 
173 50 
173 51 
173 52 
173 53 
173 54 
173 55 
173 56 
173 60 
173 62 
173 64 
173 91 
173 93 
173 97 
173 102 
173 120 
173 134 
173 144 
173 149 
173 150 
173 151 
173 154 
173 157 
173 162 
173 163 
173 177 
173 178 
173 182 
173 183 
173 184 
173 185 
173 204 
173 208 
173 209 
173 210 
173 211 
173 212 
173 227 
173 228 
173 290 
173 302 
173 306 
173 307 
173 308 
174 53 
174 57 
174 58 
174 59 
174 60 
174 62 
174 63 
174 93 
174 94 
174 95 
174 96 
174 97 
174 98 
174 99 
174 100 
174 102 
174 120 
174 131 
174 134 
174 135 
174 144 
174 151 
174 154 
174 157 
174 162 
174 163 
174 183 
174 209 
174 211 
174 227 
174 290 
174 302 
174 307 
174 308 
174 309 
175 35 
175 36 
175 38 
175 39 
175 40 
175 41 
175 42 
175 51 
175 52 
175 53 
175 54 
175 59 
175 86 
175 87 
175 88 
175 89 
175 90 
175 91 
175 92 
175 93 
175 94 
175 95 
175 100 
175 102 
175 107 
175 116 
175 118 
175 120 
175 121 
175 128 
175 131 
175 135 
175 136 
175 137 
175 138 
175 143 
175 144 
175 151 
175 153 
175 154 
175 155 
175 156 
175 157 
175 158 
175 162 
175 163 
175 183 
175 208 
175 209 
175 210 
175 211 
175 227 
175 228 
175 229 
175 230 
175 289 
175 290 
175 300 
175 301 
175 302 
175 305 
175 306 
175 307 
176 35 
176 36 
176 37 
176 38 
176 39 
176 42 
176 43 
176 51 
176 53 
176 54 
176 59 
176 60 
176 83 
176 84 
176 85 
176 86 
176 91 
176 92 
176 99 
176 100 
176 101 
176 102 
176 103 
176 107 
176 108 
176 109 
176 111 
176 116 
176 118 
176 119 
176 120 
176 123 
176 125 
176 128 
176 131 
176 132 
176 134 
176 135 
176 138 
176 140 
176 144 
176 145 
176 146 
176 147 
176 148 
176 149 
176 150 
176 151 
176 152 
176 153 
176 158 
176 162 
176 180 
176 181 
176 182 
176 183 
176 210 
176 227 
176 289 
176 290 
176 298 
176 302 
176 303 
176 305 
177 36 
177 39 
177 43 
177 44 
177 51 
177 54 
177 69 
177 71 
177 81 
177 88 
177 89 
177 90 
177 91 
177 101 
177 103 
177 105 
177 106 
177 107 
177 108 
177 109 
177 110 
177 111 
177 112 
177 113 
177 116 
177 117 
177 118 
177 119 
177 120 
177 121 
177 122 
177 123 
177 125 
177 126 
177 127 
177 128 
177 130 
177 131 
177 132 
177 133 
177 134 
177 135 
177 136 
177 137 
177 138 
177 139 
177 140 
177 141 
177 142 
177 143 
177 144 
177 150 
177 158 
177 162 
177 165 
177 181 
177 183 
177 184 
177 209 
177 210 
177 213 
177 214 
177 217 
177 221 
177 222 
177 223 
177 224 
177 225 
177 226 
177 227 
177 228 
177 287 
177 288 
177 289 
177 290 
177 295 
177 296 
177 298 
177 300 
177 301 
177 302 
177 303 
177 305 
177 308 
177 309 
178 36 
178 41 
178 44 
178 47 
178 48 
178 49 
178 50 
178 51 
178 63 
178 64 
178 65 
178 66 
178 67 
178 68 
178 69 
178 70 
178 71 
178 74 
178 76 
178 81 
178 87 
178 88 
178 90 
178 91 
178 92 
178 101 
178 103 
178 104 
178 105 
178 106 
178 108 
178 113 
178 114 
178 115 
178 116 
178 123 
178 124 
178 125 
178 128 
178 129 
178 130 
178 132 
178 134 
178 135 
178 136 
178 143 
178 144 
178 149 
178 150 
178 158 
178 159 
178 160 
178 161 
178 162 
178 165 
178 184 
178 207 
178 208 
178 209 
178 210 
178 213 
178 214 
178 215 
178 216 
178 217 
178 218 
178 219 
178 220 
178 221 
178 225 
178 227 
178 287 
178 290 
178 292 
178 296 
178 298 
178 303 
178 304 
178 305 
178 306 
178 307 
178 308 
178 329 
179 41 
179 42 
179 43 
179 44 
179 45 
179 46 
179 47 
179 48 
179 50 
179 51 
179 71 
179 72 
179 73 
179 74 
179 75 
179 76 
179 77 
179 81 
179 82 
179 86 
179 87 
179 104 
179 112 
179 113 
179 121 
179 122 
179 123 
179 128 
179 132 
179 136 
179 137 
179 148 
179 149 
179 154 
179 155 
179 156 
179 157 
179 158 
179 159 
179 160 
179 161 
179 162 
179 165 
179 183 
179 184 
179 210 
179 211 
179 212 
179 213 
179 214 
179 218 
179 219 
179 287 
179 288 
179 289 
179 290 
179 291 
179 292 
179 293 
179 294 
179 295 
179 296 
179 297 
179 298 
179 299 
179 303 
179 305 
179 306 
179 310 
179 329 
180 37 
180 38 
180 39 
180 40 
180 41 
180 45 
180 46 
180 69 
180 70 
180 71 
180 76 
180 77 
180 78 
180 79 
180 80 
180 81 
180 82 
180 83 
180 84 
180 85 
180 86 
180 87 
180 103 
180 104 
180 110 
180 111 
180 112 
180 118 
180 119 
180 120 
180 121 
180 128 
180 136 
180 149 
180 150 
180 151 
180 155 
180 156 
180 158 
180 162 
180 165 
180 184 
180 185 
180 203 
180 210 
180 213 
180 219 
180 220 
180 221 
180 222 
180 223 
180 295 
180 296 
180 297 
180 303 
180 304 
180 305 
180 306 
180 307 
180 308 
180 309 
180 310 
180 313 
180 329 
181 37 
181 38 
181 43 
181 44 
181 45 
181 69 
181 79 
181 81 
181 83 
181 84 
181 86 
181 102 
181 103 
181 104 
181 110 
181 112 
181 118 
181 121 
181 127 
181 128 
181 158 
181 162 
181 163 
181 164 
181 165 
181 185 
181 202 
181 203 
181 209 
181 210 
181 219 
181 220 
181 294 
181 295 
181 296 
181 297 
181 303 
181 305 
181 310 
181 311 
181 312 
181 313 
181 314 
181 329 
181 330 
181 365 
182 37 
182 44 
182 68 
182 69 
182 81 
182 83 
182 86 
182 104 
182 109 
182 110 
182 112 
182 113 
182 116 
182 117 
182 118 
182 119 
182 120 
182 127 
182 128 
182 129 
182 157 
182 158 
182 162 
182 163 
182 178 
182 182 
182 185 
182 186 
182 188 
182 189 
182 200 
182 203 
182 210 
182 219 
182 295 
182 296 
182 297 
182 299 
182 303 
182 304 
182 310 
182 311 
182 312 
182 313 
182 330 
182 365 
183 36 
183 37 
183 86 
183 96 
183 97 
183 98 
183 99 
183 100 
183 101 
183 102 
183 103 
183 104 
183 110 
183 117 
183 125 
183 128 
183 129 
183 158 
183 163 
183 177 
183 178 
183 182 
183 186 
183 187 
183 188 
183 189 
183 200 
183 203 
183 210 
183 219 
183 297 
183 298 
183 299 
183 302 
183 303 
183 311 
183 329 
183 330 
183 331 
183 365 
183 366 
184 35 
184 36 
184 86 
184 96 
184 97 
184 99 
184 101 
184 103 
184 125 
184 126 
184 127 
184 128 
184 157 
184 158 
184 163 
184 164 
184 165 
184 178 
184 182 
184 185 
184 186 
184 189 
184 200 
184 201 
184 202 
184 203 
184 210 
184 215 
184 219 
184 298 
184 299 
184 303 
184 329 
184 330 
184 366 
185 79 
185 86 
185 87 
185 88 
185 94 
185 97 
185 103 
185 104 
185 105 
185 123 
185 124 
185 125 
185 164 
185 178 
185 182 
185 183 
185 185 
185 186 
185 203 
185 209 
185 210 
185 212 
185 215 
185 219 
185 220 
185 294 
185 295 
185 296 
185 298 
185 301 
185 302 
185 303 
185 330 
185 366 
186 76 
186 77 
186 79 
186 86 
186 93 
186 94 
186 95 
186 96 
186 97 
186 103 
186 123 
186 125 
186 162 
186 163 
186 164 
186 178 
186 182 
186 183 
186 184 
186 185 
186 203 
186 206 
186 209 
186 210 
186 211 
186 212 
186 213 
186 214 
186 215 
186 292 
186 296 
186 297 
186 298 
186 300 
186 301 
186 302 
186 303 
186 304 
186 329 
186 330 
186 331 
186 332 
186 333 
186 334 
186 335 
186 365 
186 366 
187 75 
187 76 
187 77 
187 78 
187 79 
187 80 
187 81 
187 82 
187 83 
187 84 
187 85 
187 86 
187 96 
187 103 
187 124 
187 125 
187 126 
187 162 
187 163 
187 164 
187 165 
187 169 
187 178 
187 185 
187 203 
187 204 
187 205 
187 206 
187 207 
187 208 
187 209 
187 214 
187 215 
187 216 
187 292 
187 293 
187 294 
187 297 
187 300 
187 301 
187 329 
187 330 
187 365 
188 81 
188 82 
188 84 
188 86 
188 94 
188 95 
188 96 
188 99 
188 100 
188 101 
188 102 
188 103 
188 104 
188 123 
188 124 
188 165 
188 166 
188 167 
188 168 
188 169 
188 170 
188 178 
188 185 
188 186 
188 207 
188 215 
188 294 
188 297 
188 298 
188 300 
188 329 
188 330 
188 365 
189 51 
189 52 
189 53 
189 54 
189 55 
189 59 
189 69 
189 77 
189 79 
189 80 
189 81 
189 86 
189 87 
189 96 
189 101 
189 104 
189 105 
189 106 
189 124 
189 163 
189 164 
189 165 
189 169 
189 170 
189 174 
189 177 
189 178 
189 179 
189 180 
189 181 
189 185 
189 189 
189 207 
189 208 
189 209 
189 210 
189 211 
189 212 
189 289 
189 294 
189 298 
189 300 
189 301 
189 302 
189 303 
189 329 
189 330 
189 331 
189 364 
189 365 
189 366 
190 53 
190 54 
190 55 
190 56 
190 57 
190 58 
190 59 
190 69 
190 70 
190 74 
190 75 
190 76 
190 77 
190 78 
190 79 
190 81 
190 87 
190 96 
190 101 
190 104 
190 124 
190 170 
190 171 
190 173 
190 174 
190 178 
190 181 
190 182 
190 183 
190 184 
190 185 
190 186 
190 187 
190 188 
190 189 
190 193 
190 205 
190 206 
190 207 
190 287 
190 288 
190 289 
190 294 
190 298 
190 300 
190 301 
190 322 
190 323 
190 326 
190 329 
190 365 
190 367 
190 370 
191 59 
191 70 
191 71 
191 72 
191 73 
191 74 
191 75 
191 77 
191 78 
191 79 
191 97 
191 98 
191 99 
191 100 
191 101 
191 122 
191 123 
191 124 
191 171 
191 173 
191 183 
191 188 
191 193 
191 207 
191 208 
191 289 
191 294 
191 296 
191 298 
191 300 
191 303 
191 321 
191 322 
191 323 
191 326 
191 329 
191 365 
191 367 
191 370 
192 58 
192 59 
192 60 
192 72 
192 77 
192 99 
192 101 
192 102 
192 123 
192 151 
192 152 
192 162 
192 163 
192 164 
192 165 
192 166 
192 167 
192 168 
192 169 
192 170 
192 171 
192 172 
192 173 
192 174 
192 175 
192 176 
192 177 
192 178 
192 179 
192 180 
192 183 
192 188 
192 189 
192 193 
192 200 
192 207 
192 208 
192 220 
192 269 
192 289 
192 290 
192 291 
192 294 
192 295 
192 296 
192 297 
192 298 
192 299 
192 300 
192 301 
192 303 
192 308 
192 313 
192 315 
192 316 
192 323 
192 326 
192 327 
192 329 
192 331 
192 364 
192 365 
192 367 
192 370 
193 59 
193 60 
193 61 
193 62 
193 66 
193 68 
193 69 
193 70 
193 71 
193 72 
193 96 
193 97 
193 98 
193 99 
193 102 
193 123 
193 152 
193 154 
193 161 
193 163 
193 164 
193 167 
193 176 
193 180 
193 181 
193 182 
193 183 
193 188 
193 189 
193 193 
193 195 
193 200 
193 206 
193 207 
193 215 
193 216 
193 220 
193 221 
193 222 
193 269 
193 290 
193 292 
193 294 
193 298 
193 301 
193 302 
193 303 
193 306 
193 307 
193 308 
193 312 
193 313 
193 315 
193 318 
193 319 
193 320 
193 321 
193 322 
193 323 
193 327 
193 329 
193 331 
193 365 
193 366 
193 367 
193 368 
193 369 
193 370 
194 58 
194 59 
194 62 
194 66 
194 67 
194 68 
194 71 
194 72 
194 96 
194 98 
194 99 
194 100 
194 119 
194 120 
194 121 
194 122 
194 123 
194 124 
194 151 
194 152 
194 153 
194 154 
194 157 
194 161 
194 162 
194 163 
194 167 
194 175 
194 176 
194 181 
194 182 
194 187 
194 188 
194 189 
194 192 
194 193 
194 195 
194 196 
194 200 
194 206 
194 207 
194 208 
194 215 
194 216 
194 219 
194 220 
194 269 
194 290 
194 291 
194 292 
194 293 
194 294 
194 295 
194 301 
194 305 
194 307 
194 312 
194 314 
194 315 
194 316 
194 317 
194 318 
194 327 
194 328 
194 329 
194 331 
194 365 
194 370 
194 371 
195 58 
195 59 
195 61 
195 62 
195 63 
195 66 
195 67 
195 100 
195 119 
195 120 
195 122 
195 123 
195 149 
195 150 
195 151 
195 154 
195 155 
195 157 
195 158 
195 159 
195 160 
195 161 
195 163 
195 172 
195 174 
195 175 
195 181 
195 186 
195 187 
195 188 
195 189 
195 190 
195 191 
195 192 
195 193 
195 194 
195 195 
195 200 
195 206 
195 207 
195 214 
195 215 
195 216 
195 217 
195 218 
195 219 
195 220 
195 267 
195 268 
195 269 
195 294 
195 295 
195 296 
195 305 
195 307 
195 309 
195 311 
195 312 
195 313 
195 314 
195 315 
195 316 
195 327 
195 330 
195 331 
195 358 
195 364 
195 365 
195 370 
196 52 
196 53 
196 54 
196 55 
196 56 
196 57 
196 58 
196 62 
196 63 
196 64 
196 65 
196 66 
196 67 
196 99 
196 100 
196 120 
196 123 
196 137 
196 139 
196 140 
196 150 
196 155 
196 156 
196 157 
196 163 
196 164 
196 165 
196 170 
196 171 
196 172 
196 173 
196 174 
196 181 
196 182 
196 185 
196 186 
196 189 
196 195 
196 197 
196 200 
196 201 
196 204 
196 206 
196 210 
196 214 
196 216 
196 217 
196 220 
196 234 
196 235 
196 267 
196 268 
196 269 
196 287 
196 294 
196 305 
196 306 
196 307 
196 308 
196 309 
196 310 
196 311 
196 312 
196 313 
196 325 
196 326 
196 327 
196 328 
196 329 
196 330 
196 331 
196 358 
196 361 
196 364 
196 365 
196 366 
196 370 
197 53 
197 67 
197 99 
197 100 
197 101 
197 102 
197 103 
197 118 
197 119 
197 120 
197 121 
197 136 
197 137 
197 138 
197 139 
197 140 
197 141 
197 150 
197 155 
197 165 
197 171 
197 173 
197 182 
197 185 
197 189 
197 192 
197 193 
197 194 
197 195 
197 196 
197 197 
197 201 
197 202 
197 203 
197 204 
197 206 
197 207 
197 210 
197 211 
197 214 
197 235 
197 239 
197 266 
197 267 
197 269 
197 286 
197 287 
197 290 
197 294 
197 303 
197 304 
197 305 
197 321 
197 326 
197 345 
197 358 
197 359 
197 360 
197 361 
197 363 
197 364 
197 365 
198 64 
198 66 
198 67 
198 99 
198 100 
198 119 
198 121 
198 122 
198 123 
198 141 
198 142 
198 143 
198 144 
198 145 
198 146 
198 147 
198 148 
198 149 
198 150 
198 153 
198 154 
198 155 
198 163 
198 164 
198 165 
198 169 
198 170 
198 171 
198 172 
198 173 
198 174 
198 182 
198 183 
198 189 
198 192 
198 193 
198 197 
198 198 
198 199 
198 200 
198 203 
198 204 
198 205 
198 206 
198 207 
198 208 
198 209 
198 210 
198 211 
198 212 
198 213 
198 214 
198 234 
198 235 
198 236 
198 237 
198 239 
198 240 
198 242 
198 243 
198 269 
198 270 
198 271 
198 272 
198 285 
198 286 
198 287 
198 290 
198 294 
198 303 
198 316 
198 321 
198 326 
198 341 
198 345 
198 346 
198 347 
198 359 
198 360 
198 361 
198 362 
198 363 
198 365 
198 366 
198 367 
199 51 
199 63 
199 64 
199 65 
199 66 
199 67 
199 100 
199 119 
199 121 
199 122 
199 123 
199 141 
199 144 
199 147 
199 149 
199 150 
199 153 
199 154 
199 163 
199 165 
199 168 
199 169 
199 170 
199 171 
199 174 
199 183 
199 189 
199 193 
199 200 
199 203 
199 207 
199 211 
199 213 
199 235 
199 239 
199 242 
199 269 
199 287 
199 289 
199 290 
199 293 
199 294 
199 301 
199 302 
199 303 
199 304 
199 316 
199 320 
199 321 
199 326 
199 327 
199 328 
199 338 
199 339 
199 340 
199 341 
199 345 
199 346 
199 361 
199 367 
199 368 
199 369 
200 51 
200 52 
200 54 
200 62 
200 63 
200 64 
200 67 
200 68 
200 69 
200 92 
200 93 
200 96 
200 97 
200 98 
200 99 
200 100 
200 103 
200 121 
200 122 
200 138 
200 139 
200 140 
200 141 
200 144 
200 147 
200 153 
200 154 
200 168 
200 169 
200 171 
200 174 
200 175 
200 176 
200 199 
200 200 
200 201 
200 203 
200 213 
200 235 
200 239 
200 242 
200 264 
200 266 
200 269 
200 282 
200 283 
200 284 
200 287 
200 288 
200 289 
200 294 
200 301 
200 314 
200 316 
200 320 
200 326 
200 338 
200 339 
200 346 
200 347 
200 354 
200 361 
200 362 
201 52 
201 54 
201 64 
201 67 
201 69 
201 92 
201 93 
201 94 
201 95 
201 96 
201 100 
201 101 
201 102 
201 103 
201 104 
201 134 
201 135 
201 136 
201 137 
201 138 
201 141 
201 142 
201 143 
201 144 
201 147 
201 154 
201 168 
201 173 
201 174 
201 201 
201 203 
201 210 
201 211 
201 235 
201 236 
201 239 
201 242 
201 264 
201 265 
201 266 
201 269 
201 283 
201 284 
201 285 
201 289 
201 290 
201 294 
201 297 
201 298 
201 299 
201 300 
201 301 
201 303 
201 305 
201 312 
201 314 
201 315 
201 316 
201 320 
201 325 
201 326 
201 327 
201 328 
201 330 
201 331 
201 336 
201 337 
201 338 
201 346 
201 354 
201 357 
201 360 
201 361 
201 362 
202 52 
202 53 
202 54 
202 55 
202 67 
202 95 
202 96 
202 100 
202 134 
202 135 
202 137 
202 138 
202 139 
202 142 
202 147 
202 151 
202 152 
202 153 
202 154 
202 155 
202 167 
202 168 
202 172 
202 173 
202 195 
202 196 
202 197 
202 198 
202 199 
202 200 
202 201 
202 202 
202 203 
202 204 
202 205 
202 206 
202 207 
202 208 
202 209 
202 210 
202 211 
202 233 
202 234 
202 235 
202 239 
202 240 
202 242 
202 264 
202 266 
202 269 
202 285 
202 289 
202 292 
202 293 
202 294 
202 295 
202 296 
202 297 
202 300 
202 301 
202 302 
202 303 
202 305 
202 309 
202 312 
202 314 
202 320 
202 324 
202 325 
202 326 
202 327 
202 328 
202 329 
202 330 
202 331 
202 332 
202 337 
202 344 
202 345 
202 346 
202 351 
202 354 
202 357 
202 360 
203 44 
203 45 
203 51 
203 52 
203 53 
203 55 
203 56 
203 62 
203 64 
203 67 
203 92 
203 93 
203 95 
203 100 
203 131 
203 132 
203 133 
203 134 
203 137 
203 139 
203 146 
203 147 
203 152 
203 154 
203 155 
203 164 
203 165 
203 166 
203 167 
203 172 
203 173 
203 174 
203 195 
203 197 
203 199 
203 201 
203 202 
203 206 
203 233 
203 234 
203 239 
203 240 
203 241 
203 242 
203 266 
203 267 
203 268 
203 269 
203 284 
203 285 
203 288 
203 289 
203 290 
203 291 
203 292 
203 293 
203 294 
203 300 
203 303 
203 304 
203 305 
203 306 
203 307 
203 308 
203 309 
203 310 
203 311 
203 312 
203 313 
203 314 
203 315 
203 316 
203 317 
203 318 
203 319 
203 320 
203 321 
203 324 
203 337 
203 346 
203 348 
203 351 
203 354 
203 355 
203 357 
203 360 
204 45 
204 46 
204 47 
204 51 
204 52 
204 56 
204 57 
204 58 
204 59 
204 60 
204 61 
204 62 
204 63 
204 64 
204 67 
204 93 
204 94 
204 95 
204 100 
204 101 
204 102 
204 137 
204 144 
204 145 
204 146 
204 150 
204 151 
204 152 
204 167 
204 188 
204 189 
204 190 
204 191 
204 192 
204 195 
204 199 
204 202 
204 206 
204 228 
204 234 
204 236 
204 239 
204 242 
204 266 
204 285 
204 286 
204 287 
204 288 
204 289 
204 293 
204 295 
204 300 
204 301 
204 305 
204 307 
204 312 
204 315 
204 321 
204 322 
204 323 
204 324 
204 325 
204 326 
204 330 
204 334 
204 335 
204 337 
204 346 
204 347 
204 348 
204 351 
204 354 
204 355 
204 356 
204 357 
204 360 
204 361 
205 46 
205 47 
205 48 
205 49 
205 50 
205 51 
205 57 
205 60 
205 63 
205 64 
205 65 
205 66 
205 67 
205 68 
205 69 
205 70 
205 90 
205 91 
205 92 
205 93 
205 95 
205 99 
205 100 
205 136 
205 137 
205 152 
205 166 
205 167 
205 168 
205 169 
205 188 
205 189 
205 192 
205 194 
205 195 
205 199 
205 202 
205 204 
205 205 
205 206 
205 207 
205 210 
205 212 
205 215 
205 228 
205 229 
205 230 
205 231 
205 234 
205 235 
205 236 
205 237 
205 238 
205 239 
205 266 
205 273 
205 279 
205 280 
205 284 
205 285 
205 289 
205 293 
205 294 
205 295 
205 296 
205 297 
205 298 
205 305 
205 307 
205 308 
205 312 
205 315 
205 316 
205 321 
205 325 
205 326 
205 327 
205 328 
205 329 
205 330 
205 334 
205 337 
205 343 
205 344 
205 345 
205 346 
205 350 
205 351 
205 352 
205 355 
205 360 
205 362 
205 363 
206 51 
206 55 
206 56 
206 57 
206 58 
206 60 
206 64 
206 67 
206 69 
206 70 
206 92 
206 100 
206 102 
206 103 
206 104 
206 105 
206 131 
206 132 
206 133 
206 134 
206 135 
206 136 
206 152 
206 153 
206 154 
206 164 
206 166 
206 168 
206 187 
206 188 
206 190 
206 191 
206 192 
206 193 
206 194 
206 204 
206 207 
206 208 
206 209 
206 210 
206 211 
206 212 
206 213 
206 214 
206 215 
206 222 
206 224 
206 226 
206 228 
206 229 
206 234 
206 235 
206 239 
206 265 
206 266 
206 271 
206 272 
206 273 
206 278 
206 280 
206 284 
206 289 
206 293 
206 295 
206 298 
206 305 
206 308 
206 312 
206 321 
206 328 
206 330 
206 331 
206 334 
206 335 
206 337 
206 341 
206 342 
206 343 
206 344 
206 345 
206 350 
206 351 
206 352 
206 355 
206 359 
206 360 
206 361 
206 362 
206 363 
207 56 
207 64 
207 65 
207 67 
207 92 
207 94 
207 95 
207 96 
207 97 
207 98 
207 99 
207 100 
207 101 
207 102 
207 103 
207 129 
207 130 
207 131 
207 136 
207 138 
207 148 
207 149 
207 152 
207 164 
207 165 
207 166 
207 168 
207 187 
207 188 
207 189 
207 190 
207 194 
207 195 
207 204 
207 208 
207 211 
207 215 
207 216 
207 217 
207 218 
207 219 
207 220 
207 221 
207 222 
207 223 
207 224 
207 225 
207 226 
207 227 
207 228 
207 229 
207 230 
207 231 
207 232 
207 233 
207 234 
207 248 
207 251 
207 265 
207 266 
207 272 
207 276 
207 277 
207 278 
207 280 
207 284 
207 285 
207 295 
207 296 
207 298 
207 307 
207 308 
207 309 
207 311 
207 312 
207 313 
207 314 
207 320 
207 321 
207 322 
207 323 
207 324 
207 325 
207 329 
207 330 
207 331 
207 332 
207 333 
207 334 
207 335 
207 336 
207 337 
207 338 
207 339 
207 340 
207 341 
207 344 
207 347 
207 349 
207 350 
207 355 
207 357 
207 359 
207 363 
207 364 
207 365 
208 55 
208 56 
208 63 
208 64 
208 65 
208 67 
208 94 
208 95 
208 99 
208 102 
208 133 
208 134 
208 135 
208 136 
208 137 
208 138 
208 149 
208 150 
208 151 
208 152 
208 164 
208 165 
208 166 
208 168 
208 193 
208 194 
208 202 
208 203 
208 204 
208 207 
208 208 
208 215 
208 217 
208 220 
208 223 
208 225 
208 226 
208 233 
208 234 
208 248 
208 251 
208 252 
208 264 
208 265 
208 272 
208 276 
208 277 
208 280 
208 284 
208 294 
208 295 
208 307 
208 313 
208 314 
208 320 
208 321 
208 333 
208 335 
208 338 
208 341 
208 342 
208 344 
208 346 
208 347 
208 348 
208 349 
208 352 
208 355 
208 356 
208 357 
208 358 
208 359 
209 62 
209 63 
209 64 
209 67 
209 68 
209 94 
209 99 
209 102 
209 103 
209 104 
209 105 
209 132 
209 134 
209 137 
209 138 
209 139 
209 140 
209 141 
209 149 
209 152 
209 165 
209 166 
209 168 
209 190 
209 193 
209 202 
209 204 
209 207 
209 217 
209 218 
209 222 
209 223 
209 225 
209 226 
209 232 
209 233 
209 234 
209 235 
209 247 
209 248 
209 251 
209 265 
209 272 
209 273 
209 276 
209 277 
209 280 
209 281 
209 282 
209 283 
209 284 
209 295 
209 314 
209 315 
209 333 
209 335 
209 337 
209 338 
209 339 
209 344 
209 345 
209 346 
209 349 
209 350 
209 351 
209 352 
209 353 
209 354 
209 355 
209 356 
209 358 
209 359 
210 62 
210 63 
210 67 
210 93 
210 94 
210 99 
210 103 
210 132 
210 133 
210 134 
210 137 
210 140 
210 151 
210 152 
210 181 
210 187 
210 190 
210 191 
210 192 
210 193 
210 204 
210 218 
210 219 
210 233 
210 235 
210 236 
210 248 
210 250 
210 251 
210 252 
210 253 
210 263 
210 264 
210 265 
210 266 
210 267 
210 273 
210 274 
210 275 
210 276 
210 277 
210 278 
210 279 
210 280 
210 284 
210 295 
210 296 
210 297 
210 313 
210 314 
210 315 
210 333 
210 337 
210 339 
210 340 
210 345 
210 350 
210 351 
210 352 
210 354 
210 358 
210 394 
210 395 
210 396 
211 59 
211 60 
211 61 
211 62 
211 67 
211 93 
211 94 
211 102 
211 103 
211 104 
211 127 
211 128 
211 129 
211 130 
211 131 
211 132 
211 134 
211 135 
211 137 
211 138 
211 151 
211 152 
211 153 
211 181 
211 182 
211 183 
211 184 
211 185 
211 186 
211 187 
211 188 
211 189 
211 190 
211 193 
211 202 
211 203 
211 204 
211 219 
211 235 
211 240 
211 244 
211 245 
211 246 
211 247 
211 248 
211 249 
211 250 
211 266 
211 270 
211 272 
211 273 
211 279 
211 280 
211 284 
211 296 
211 315 
211 333 
211 337 
211 340 
211 344 
211 345 
211 350 
211 352 
211 354 
211 355 
211 356 
211 358 
211 359 
211 360 
211 361 
211 362 
211 365 
211 376 
211 390 
211 395 
212 60 
212 67 
212 68 
212 69 
212 70 
212 93 
212 98 
212 99 
212 100 
212 101 
212 102 
212 104 
212 127 
212 128 
212 130 
212 131 
212 133 
212 134 
212 135 
212 138 
212 151 
212 190 
212 191 
212 192 
212 193 
212 204 
212 235 
212 236 
212 237 
212 238 
212 239 
212 240 
212 241 
212 244 
212 252 
212 266 
212 270 
212 271 
212 272 
212 273 
212 274 
212 284 
212 296 
212 297 
212 298 
212 299 
212 300 
212 301 
212 315 
212 316 
212 333 
212 334 
212 350 
212 354 
212 356 
212 358 
212 360 
212 362 
212 363 
212 365 
212 366 
212 367 
212 372 
212 376 
212 379 
212 380 
212 390 
212 395 
213 69 
213 100 
213 102 
213 104 
213 130 
213 133 
213 134 
213 148 
213 149 
213 150 
213 151 
213 189 
213 190 
213 191 
213 193 
213 204 
213 205 
213 206 
213 207 
213 208 
213 234 
213 235 
213 241 
213 242 
213 243 
213 244 
213 249 
213 250 
213 251 
213 252 
213 266 
213 269 
213 270 
213 273 
213 274 
213 298 
213 300 
213 334 
213 348 
213 349 
213 350 
213 354 
213 356 
213 357 
213 360 
213 363 
213 364 
213 365 
213 372 
213 375 
213 376 
213 380 
213 382 
213 387 
213 390 
213 392 
213 395 
213 397 
213 398 
213 399 
214 40 
214 67 
214 68 
214 69 
214 70 
214 71 
214 100 
214 102 
214 103 
214 151 
214 182 
214 185 
214 188 
214 189 
214 193 
214 203 
214 204 
214 208 
214 235 
214 236 
214 237 
214 238 
214 241 
214 244 
214 249 
214 250 
214 259 
214 266 
214 269 
214 270 
214 273 
214 298 
214 331 
214 332 
214 333 
214 334 
214 335 
214 336 
214 337 
214 348 
214 349 
214 353 
214 354 
214 357 
214 360 
214 363 
214 365 
214 366 
214 370 
214 372 
214 373 
214 374 
214 375 
214 380 
214 382 
214 387 
214 390 
214 391 
214 392 
214 393 
214 394 
214 395 
214 396 
214 397 
215 40 
215 66 
215 67 
215 100 
215 103 
215 104 
215 151 
215 178 
215 179 
215 180 
215 181 
215 182 
215 183 
215 184 
215 185 
215 186 
215 187 
215 188 
215 189 
215 193 
215 204 
215 205 
215 234 
215 235 
215 238 
215 244 
215 245 
215 246 
215 247 
215 248 
215 249 
215 256 
215 259 
215 266 
215 267 
215 268 
215 269 
215 273 
215 274 
215 330 
215 331 
215 332 
215 337 
215 353 
215 357 
215 365 
215 366 
215 367 
215 368 
215 369 
215 370 
215 371 
215 372 
215 375 
215 376 
215 377 
215 378 
215 379 
215 380 
215 381 
215 382 
215 387 
215 390 
215 394 
215 397 
216 40 
216 47 
216 48 
216 61 
216 62 
216 63 
216 64 
216 66 
216 100 
216 103 
216 104 
216 150 
216 151 
216 181 
216 183 
216 184 
216 185 
216 189 
216 193 
216 203 
216 204 
216 205 
216 206 
216 235 
216 244 
216 246 
216 249 
216 256 
216 259 
216 265 
216 266 
216 269 
216 274 
216 332 
216 352 
216 353 
216 354 
216 357 
216 364 
216 365 
216 366 
216 369 
216 372 
216 373 
216 375 
216 376 
216 378 
216 381 
216 387 
216 388 
216 389 
216 390 
216 397 
217 40 
217 47 
217 63 
217 64 
217 65 
217 66 
217 67 
217 99 
217 100 
217 101 
217 104 
217 150 
217 174 
217 181 
217 185 
217 189 
217 201 
217 202 
217 203 
217 204 
217 206 
217 207 
217 235 
217 246 
217 249 
217 250 
217 251 
217 252 
217 253 
217 254 
217 255 
217 256 
217 257 
217 258 
217 259 
217 260 
217 261 
217 262 
217 263 
217 264 
217 265 
217 269 
217 332 
217 362 
217 363 
217 364 
217 369 
217 371 
217 372 
217 373 
217 377 
217 378 
217 381 
217 382 
217 383 
217 384 
217 385 
217 386 
217 387 
217 388 
217 389 
218 37 
218 38 
218 40 
218 47 
218 62 
218 63 
218 64 
218 67 
218 68 
218 69 
218 70 
218 99 
218 104 
218 148 
218 149 
218 150 
218 151 
218 174 
218 180 
218 181 
218 195 
218 202 
218 203 
218 234 
218 235 
218 248 
218 249 
218 250 
218 253 
218 255 
218 256 
218 257 
218 261 
218 265 
218 266 
218 332 
218 364 
218 369 
218 373 
218 378 
218 381 
218 383 
218 387 
218 388 
218 389 
218 390 
218 391 
219 36 
219 37 
219 38 
219 39 
219 40 
219 47 
219 48 
219 64 
219 70 
219 71 
219 72 
219 97 
219 99 
219 174 
219 175 
219 176 
219 177 
219 178 
219 179 
219 180 
219 181 
219 194 
219 195 
219 196 
219 203 
219 235 
219 236 
219 250 
219 257 
219 261 
219 262 
219 265 
219 364 
219 369 
219 373 
219 382 
219 383 
219 384 
219 387 
219 389 
219 391 
219 392 
220 39 
220 40 
220 48 
220 49 
220 50 
220 51 
220 52 
220 53 
220 61 
220 62 
220 63 
220 64 
220 65 
220 72 
220 73 
220 74 
220 95 
220 96 
220 97 
220 98 
220 99 
220 100 
220 174 
220 176 
220 177 
220 178 
220 194 
220 196 
220 197 
220 198 
220 199 
220 203 
220 206 
220 234 
220 235 
220 250 
220 257 
220 261 
220 265 
220 266 
220 364 
220 369 
220 372 
220 373 
220 374 
220 375 
220 382 
220 384 
220 387 
220 389 
220 390 
220 392 
220 393 
220 394 
220 395 
220 396 
221 38 
221 40 
221 41 
221 42 
221 43 
221 44 
221 48 
221 49 
221 53 
221 62 
221 65 
221 99 
221 174 
221 177 
221 198 
221 199 
221 200 
221 201 
221 202 
221 203 
221 204 
221 205 
221 206 
221 207 
221 234 
221 250 
221 257 
221 261 
221 266 
221 267 
221 268 
221 269 
221 369 
221 372 
221 375 
221 384 
221 387 
221 392 
221 393 
221 394 
222 38 
222 39 
222 40 
222 43 
222 44 
222 47 
222 48 
222 53 
222 54 
222 55 
222 56 
222 57 
222 58 
222 59 
222 60 
222 61 
222 62 
222 65 
222 99 
222 176 
222 177 
222 178 
222 198 
222 201 
222 206 
222 230 
222 231 
222 232 
222 233 
222 234 
222 250 
222 264 
222 265 
222 266 
222 268 
222 269 
222 273 
222 282 
222 288 
222 290 
222 293 
222 367 
222 368 
222 369 
222 372 
222 373 
222 375 
222 376 
222 387 
222 392 
222 393 
223 36 
223 37 
223 38 
223 40 
223 43 
223 44 
223 45 
223 46 
223 47 
223 48 
223 53 
223 55 
223 57 
223 61 
223 62 
223 65 
223 66 
223 98 
223 99 
223 176 
223 198 
223 200 
223 201 
223 206 
223 207 
223 208 
223 209 
223 210 
223 211 
223 212 
223 213 
223 214 
223 230 
223 234 
223 235 
223 236 
223 266 
223 269 
223 270 
223 271 
223 272 
223 273 
223 282 
223 287 
223 288 
223 289 
223 290 
223 291 
223 292 
223 293 
223 294 
223 295 
223 296 
223 301 
223 303 
223 304 
223 305 
223 369 
223 370 
223 372 
223 376 
224 35 
224 36 
224 38 
224 44 
224 46 
224 55 
224 66 
224 99 
224 100 
224 101 
224 191 
224 192 
224 193 
224 194 
224 195 
224 196 
224 197 
224 198 
224 201 
224 208 
224 234 
224 236 
224 264 
224 265 
224 266 
224 270 
224 271 
224 272 
224 273 
224 274 
224 278 
224 279 
224 280 
224 281 
224 282 
224 283 
224 284 
224 285 
224 286 
224 287 
224 294 
224 296 
224 297 
224 298 
224 301 
224 302 
224 303 
224 304 
224 368 
224 369 
224 372 
225 33 
225 34 
225 35 
225 36 
225 43 
225 44 
225 46 
225 53 
225 54 
225 55 
225 64 
225 65 
225 66 
225 67 
225 100 
225 101 
225 190 
225 191 
225 192 
225 197 
225 201 
225 207 
225 208 
225 234 
225 236 
225 237 
225 238 
225 239 
225 240 
225 241 
225 242 
225 265 
225 266 
225 269 
225 270 
225 273 
225 278 
225 281 
225 282 
225 284 
225 287 
225 288 
225 297 
225 298 
225 299 
225 300 
225 301 
225 304 
225 305 
225 306 
225 369 
225 370 
225 372 
226 43 
226 45 
226 46 
226 47 
226 53 
226 54 
226 55 
226 64 
226 66 
226 67 
226 68 
226 69 
226 197 
226 201 
226 202 
226 208 
226 233 
226 234 
226 236 
226 237 
226 265 
226 273 
226 274 
226 275 
226 276 
226 277 
226 278 
226 279 
226 282 
226 284 
226 287 
226 297 
226 305 
226 369 
226 372 
227 43 
227 47 
227 52 
227 53 
227 64 
227 66 
227 67 
227 197 
227 202 
227 208 
227 209 
227 210 
227 212 
227 234 
227 236 
227 265 
227 266 
227 275 
227 287 
227 288 
227 290 
227 291 
227 305 
227 367 
227 368 
227 369 
228 40 
228 41 
228 42 
228 43 
228 52 
228 62 
228 63 
228 64 
228 66 
228 67 
228 201 
228 202 
228 209 
228 210 
228 211 
228 212 
228 236 
228 237 
228 265 
228 266 
228 275 
228 279 
228 288 
228 290 
228 369 
229 42 
229 52 
229 62 
229 66 
229 67 
229 68 
229 200 
229 201 
229 202 
229 212 
229 235 
229 236 
229 237 
229 265 
229 266 
229 273 
229 274 
229 275 
229 276 
229 277 
229 278 
229 279 
229 280 
229 281 
229 282 
229 283 
229 288 
229 289 
229 290 
229 291 
229 292 
229 293 
229 295 
230 52 
230 62 
230 66 
230 194 
230 202 
230 233 
230 234 
230 235 
230 237 
230 262 
230 263 
230 264 
230 265 
230 266 
230 275 
230 278 
230 293 
230 294 
230 295 
230 303 
230 304 
231 52 
231 62 
231 186 
231 190 
231 194 
231 195 
231 200 
231 201 
231 202 
231 203 
231 204 
231 234 
231 237 
231 238 
231 239 
231 240 
231 262 
231 264 
231 266 
231 275 
231 278 
231 293 
231 295 
231 296 
231 297 
231 298 
231 299 
231 300 
231 301 
231 302 
231 303 
231 304 
231 305 
232 52 
232 185 
232 186 
232 187 
232 190 
232 191 
232 195 
232 198 
232 199 
232 200 
232 201 
232 204 
232 205 
232 208 
232 209 
232 237 
232 239 
232 240 
232 241 
232 263 
232 264 
232 265 
232 266 
232 275 
232 278 
232 279 
232 298 
232 301 
232 302 
232 304 
233 51 
233 52 
233 187 
233 191 
233 195 
233 197 
233 198 
233 199 
233 201 
233 202 
233 205 
233 206 
233 207 
233 208 
233 236 
233 237 
233 240 
233 241 
233 242 
233 243 
233 266 
233 275 
233 278 
233 298 
233 302 
234 185 
234 186 
234 187 
234 188 
234 191 
234 192 
234 193 
234 194 
234 195 
234 196 
234 197 
234 199 
234 202 
234 208 
234 209 
234 236 
234 240 
234 241 
234 266 
234 275 
234 278 
234 298 
234 299 
234 308 
234 309 
234 310 
235 188 
235 189 
235 190 
235 191 
235 196 
235 199 
235 201 
235 202 
235 203 
235 208 
235 209 
235 210 
235 234 
235 235 
235 236 
235 240 
235 241 
235 266 
235 267 
235 273 
235 274 
235 275 
235 278 
235 298 
235 299 
235 308 
236 195 
236 196 
236 199 
236 201 
236 203 
236 208 
236 235 
236 236 
236 239 
236 240 
236 241 
236 242 
236 264 
236 265 
236 266 
236 267 
236 268 
236 272 
236 273 
236 274 
236 278 
236 299 
236 304 
236 307 
236 308 
237 196 
237 201 
237 208 
237 209 
237 210 
237 211 
237 212 
237 234 
237 235 
237 236 
237 237 
237 238 
237 239 
237 242 
237 274 
237 278 
237 299 
237 300 
237 301 
237 302 
237 303 
237 304 
237 307 
237 309 
237 314 
237 315 
238 195 
238 196 
238 201 
238 202 
238 212 
238 234 
238 239 
238 242 
238 274 
238 278 
238 279 
238 280 
238 281 
238 282 
238 283 
238 284 
238 285 
238 286 
238 298 
238 299 
238 300 
238 303 
238 304 
238 305 
238 306 
238 307 
238 308 
238 309 
238 310 
238 311 
238 312 
238 313 
238 314 
239 196 
239 212 
239 213 
239 234 
239 242 
239 245 
239 246 
239 247 
239 274 
239 279 
239 300 
239 302 
239 303 
239 305 
239 306 
239 307 
239 312 
240 193 
240 194 
240 195 
240 196 
240 213 
240 241 
240 242 
240 243 
240 244 
240 245 
240 274 
240 278 
240 279 
240 306 
240 307 
240 311 
240 312 
240 313 
240 314 
241 193 
241 196 
241 213 
241 241 
241 245 
241 271 
241 272 
241 273 
241 274 
241 275 
241 279 
241 280 
241 307 
241 311 
241 313 
242 187 
242 194 
242 195 
242 196 
242 197 
242 198 
242 199 
242 200 
242 213 
242 214 
242 215 
242 239 
242 240 
242 241 
242 245 
242 246 
242 247 
242 248 
242 249 
242 250 
242 272 
242 274 
242 278 
242 279 
242 280 
242 281 
242 307 
243 182 
243 186 
243 187 
243 194 
243 198 
243 199 
243 214 
243 240 
243 241 
243 242 
243 245 
243 248 
243 274 
243 278 
243 281 
243 282 
243 283 
243 284 
244 176 
244 177 
244 178 
244 179 
244 180 
244 181 
244 182 
244 187 
244 194 
244 195 
244 199 
244 200 
244 212 
244 213 
244 214 
244 240 
244 242 
244 245 
244 248 
244 249 
244 272 
244 273 
244 274 
244 278 
244 281 
244 282 
244 286 
244 289 
244 290 
244 291 
245 182 
245 183 
245 184 
245 187 
245 188 
245 192 
245 193 
245 194 
245 200 
245 214 
245 216 
245 217 
245 218 
245 219 
245 238 
245 239 
245 240 
245 245 
245 246 
245 265 
245 266 
245 267 
245 268 
245 269 
245 270 
245 272 
245 273 
245 274 
245 278 
245 281 
245 282 
245 283 
245 284 
245 285 
245 286 
245 289 
246 184 
246 187 
246 188 
246 191 
246 192 
246 194 
246 199 
246 200 
246 201 
246 202 
246 210 
246 211 
246 212 
246 213 
246 214 
246 215 
246 216 
246 240 
246 246 
246 247 
246 265 
246 270 
246 271 
246 272 
246 278 
246 280 
246 281 
246 283 
246 286 
246 287 
246 288 
246 289 
246 296 
247 184 
247 185 
247 186 
247 187 
247 188 
247 189 
247 190 
247 191 
247 192 
247 194 
247 195 
247 199 
247 200 
247 211 
247 216 
247 217 
247 218 
247 219 
247 247 
247 270 
247 272 
247 276 
247 277 
247 278 
247 280 
247 283 
247 287 
247 288 
247 289 
247 290 
247 291 
247 296 
247 297 
248 186 
248 194 
248 200 
248 211 
248 216 
248 219 
248 220 
248 221 
248 222 
248 268 
248 269 
248 270 
248 276 
248 277 
248 280 
248 282 
248 283 
248 284 
248 290 
248 291 
248 292 
248 293 
248 294 
248 295 
248 296 
249 184 
249 186 
249 192 
249 193 
249 194 
249 200 
249 201 
249 210 
249 211 
249 216 
249 276 
249 280 
249 283 
249 284 
249 291 
249 292 
249 296 
249 297 
249 298 
249 303 
250 178 
250 179 
250 180 
250 181 
250 182 
250 183 
250 184 
250 185 
250 186 
250 192 
250 194 
250 200 
250 210 
250 211 
250 215 
250 216 
250 217 
250 276 
250 280 
250 284 
250 296 
250 300 
250 301 
250 302 
250 303 
251 182 
251 184 
251 189 
251 190 
251 191 
251 192 
251 194 
251 195 
251 196 
251 199 
251 200 
251 217 
251 276 
251 280 
251 282 
251 283 
251 284 
251 285 
251 296 
251 297 
251 298 
251 299 
251 300 
251 302 
251 303 
252 167 
252 180 
252 182 
252 188 
252 189 
252 191 
252 192 
252 195 
252 200 
252 216 
252 217 
252 218 
252 219 
252 276 
252 280 
252 281 
252 284 
252 287 
252 288 
252 295 
252 296 
252 297 
252 300 
253 167 
253 168 
253 179 
253 180 
253 181 
253 182 
253 188 
253 189 
253 190 
253 192 
253 200 
253 201 
253 216 
253 219 
253 220 
253 221 
253 222 
253 276 
253 284 
253 285 
253 286 
253 287 
253 288 
253 289 
253 295 
253 297 
254 162 
254 166 
254 167 
254 176 
254 182 
254 190 
254 192 
254 212 
254 213 
254 214 
254 215 
254 216 
254 222 
254 223 
254 224 
254 225 
254 276 
254 283 
254 284 
254 288 
254 289 
254 290 
254 297 
254 298 
254 299 
255 162 
255 167 
255 169 
255 176 
255 182 
255 188 
255 189 
255 190 
255 191 
255 192 
255 193 
255 194 
255 195 
255 196 
255 197 
255 216 
255 217 
255 218 
255 223 
255 224 
255 283 
255 284 
255 288 
255 290 
255 297 
255 299 
255 300 
255 301 
256 157 
256 158 
256 161 
256 162 
256 165 
256 166 
256 167 
256 169 
256 176 
256 177 
256 178 
256 179 
256 180 
256 181 
256 182 
256 183 
256 189 
256 190 
256 192 
256 195 
256 216 
256 283 
256 290 
256 301 
256 302 
257 158 
257 162 
257 163 
257 164 
257 165 
257 166 
257 167 
257 168 
257 169 
257 170 
257 171 
257 172 
257 173 
257 174 
257 175 
257 176 
257 179 
257 180 
257 181 
257 189 
257 195 
257 216 
257 283 
257 285 
257 286 
258 157 
258 158 
258 163 
258 164 
258 169 
258 176 
258 179 
258 188 
258 189 
258 195 
258 216 
258 217 
258 283 
258 284 
258 285 
259 157 
259 158 
259 159 
259 161 
259 164 
259 169 
259 176 
259 187 
259 189 
259 216 
259 282 
259 283 
259 285 
260 157 
260 159 
260 160 
260 161 
260 162 
260 163 
260 164 
260 169 
260 170 
260 187 
260 188 
260 189 
260 190 
260 191 
260 192 
260 213 
260 214 
260 215 
260 216 
260 217 
260 218 
260 219 
260 220 
260 221 
260 222 
260 281 
260 282 
260 284 
260 285 
260 286 
260 287 
261 162 
261 164 
261 165 
261 166 
261 167 
261 168 
261 169 
261 189 
261 215 
261 216 
261 217 
261 280 
261 281 
261 284 
261 286 
261 288 
262 158 
262 160 
262 161 
262 162 
262 164 
262 167 
262 168 
262 189 
262 190 
262 214 
262 215 
262 279 
262 280 
262 285 
262 286 
262 287 
262 288 
263 158 
263 159 
263 160 
263 162 
263 188 
263 189 
263 190 
263 213 
263 214 
263 215 
263 216 
263 223 
263 275 
263 276 
263 277 
263 278 
263 279 
263 280 
263 281 
263 285 
263 287 
264 187 
264 188 
264 190 
264 191 
264 213 
264 215 
264 216 
264 217 
264 218 
264 219 
264 220 
264 221 
264 222 
264 223 
264 224 
264 225 
264 226 
264 227 
264 228 
264 278 
264 281 
264 287 
264 288 
264 289 
265 188 
265 190 
265 213 
265 216 
265 221 
265 223 
265 278 
265 280 
265 281 
265 287 
265 297 
266 179 
266 180 
266 184 
266 187 
266 188 
266 191 
266 213 
266 216 
266 221 
266 222 
266 280 
266 281 
266 282 
266 287 
266 288 
266 289 
266 290 
266 291 
266 292 
266 293 
266 296 
266 297 
267 180 
267 181 
267 182 
267 183 
267 184 
267 185 
267 186 
267 187 
267 188 
267 189 
267 190 
267 191 
267 213 
267 221 
267 222 
267 280 
267 282 
267 289 
267 290 
267 293 
267 294 
267 295 
267 296 
267 297 
267 298 
267 299 
267 300 
268 169 
268 170 
268 171 
268 173 
268 176 
268 177 
268 181 
268 183 
268 190 
268 212 
268 213 
268 222 
268 282 
268 294 
268 297 
268 298 
268 300 
268 301 
269 170 
269 171 
269 172 
269 173 
269 174 
269 175 
269 176 
269 177 
269 178 
269 179 
269 180 
269 181 
269 183 
269 190 
269 191 
269 192 
269 193 
269 194 
269 195 
269 213 
269 221 
269 222 
269 223 
269 282 
269 283 
269 294 
269 297 
269 301 
269 303 
270 169 
270 170 
270 171 
270 175 
270 176 
270 177 
270 183 
270 190 
270 193 
270 194 
270 213 
270 214 
270 221 
270 222 
270 223 
270 225 
270 226 
270 281 
270 282 
270 297 
270 298 
270 301 
270 302 
270 303 
271 169 
271 170 
271 175 
271 176 
271 183 
271 184 
271 193 
271 194 
271 220 
271 221 
271 223 
271 224 
271 225 
271 281 
271 301 
271 302 
271 303 
271 304 
271 305 
271 306 
271 307 
271 308 
272 176 
272 183 
272 194 
272 195 
272 196 
272 220 
272 223 
272 225 
272 278 
272 279 
272 280 
272 281 
272 282 
272 283 
272 284 
272 301 
272 302 
272 303 
273 132 
273 133 
273 134 
273 135 
273 136 
273 176 
273 181 
273 182 
273 183 
273 217 
273 218 
273 219 
273 220 
273 223 
273 225 
273 278 
273 281 
273 282 
273 283 
273 284 
273 285 
273 286 
273 302 
273 303 
274 136 
274 139 
274 144 
274 176 
274 180 
274 181 
274 183 
274 217 
274 220 
274 225 
274 226 
274 228 
274 229 
274 230 
274 281 
274 286 
274 302 
274 303 
275 133 
275 135 
275 136 
275 139 
275 144 
275 158 
275 167 
275 174 
275 175 
275 176 
275 183 
275 220 
275 225 
275 226 
275 227 
275 228 
275 280 
275 281 
275 286 
275 287 
275 288 
275 289 
275 290 
275 291 
275 303 
276 133 
276 134 
276 135 
276 136 
276 139 
276 144 
276 146 
276 150 
276 152 
276 153 
276 158 
276 159 
276 160 
276 163 
276 167 
276 176 
276 183 
276 184 
276 185 
276 220 
276 227 
276 228 
276 279 
276 280 
276 281 
276 282 
276 283 
276 290 
276 303 
277 132 
277 133 
277 134 
277 136 
277 137 
277 138 
277 139 
277 142 
277 144 
277 146 
277 147 
277 148 
277 149 
277 150 
277 151 
277 152 
277 160 
277 163 
277 167 
277 168 
277 176 
277 183 
277 220 
277 227 
277 275 
277 276 
277 277 
277 278 
277 279 
277 282 
277 283 
277 290 
278 132 
278 137 
278 138 
278 139 
278 140 
278 141 
278 142 
278 143 
278 144 
278 145 
278 146 
278 152 
278 160 
278 163 
278 166 
278 167 
278 168 
278 169 
278 170 
278 171 
278 172 
278 173 
278 174 
278 175 
278 176 
278 177 
278 183 
278 184 
278 190 
278 191 
278 192 
278 227 
278 276 
278 282 
278 283 
278 284 
278 285 
278 286 
279 134 
279 135 
279 136 
279 137 
279 138 
279 141 
279 143 
279 145 
279 146 
279 151 
279 152 
279 153 
279 154 
279 155 
279 156 
279 157 
279 158 
279 159 
279 160 
279 161 
279 162 
279 163 
279 164 
279 165 
279 166 
279 168 
279 173 
279 175 
279 183 
279 184 
279 185 
279 186 
279 190 
279 192 
279 226 
279 227 
279 228 
279 229 
279 230 
279 231 
279 282 
279 286 
279 287 
280 137 
280 138 
280 140 
280 141 
280 143 
280 145 
280 151 
280 155 
280 156 
280 160 
280 161 
280 164 
280 165 
280 172 
280 173 
280 175 
280 183 
280 184 
280 185 
280 186 
280 187 
280 188 
280 189 
280 190 
280 191 
280 192 
280 226 
280 228 
280 282 
280 286 
280 287 
281 137 
281 138 
281 141 
281 154 
281 155 
281 160 
281 175 
281 183 
281 185 
281 228 
281 280 
281 281 
281 282 
281 283 
281 286 
282 137 
282 138 
282 141 
282 158 
282 159 
282 160 
282 174 
282 175 
282 182 
282 183 
282 186 
282 227 
282 228 
282 282 
283 136 
283 137 
283 138 
283 141 
283 159 
283 160 
283 173 
283 174 
283 175 
283 176 
283 183 
283 184 
283 185 
283 186 
283 187 
283 227 
283 278 
283 279 
283 280 
283 281 
283 282 
283 283 
283 284 
283 285 
284 137 
284 140 
284 141 
284 170 
284 171 
284 172 
284 173 
284 176 
284 184 
284 185 
284 186 
284 226 
284 227 
284 271 
284 272 
284 273 
284 277 
284 278 
284 281 
284 283 
284 285 
284 286 
284 287 
285 135 
285 136 
285 137 
285 155 
285 156 
285 168 
285 169 
285 170 
285 176 
285 185 
285 268 
285 269 
285 270 
285 273 
285 274 
285 275 
285 276 
285 277 
285 281 
285 286 
286 135 
286 136 
286 137 
286 155 
286 156 
286 157 
286 158 
286 163 
286 165 
286 167 
286 168 
286 170 
286 175 
286 176 
286 181 
286 182 
286 183 
286 184 
286 185 
286 186 
286 187 
286 265 
286 268 
286 270 
286 271 
286 272 
286 273 
286 275 
286 281 
286 285 
286 286 
286 287 
286 288 
286 289 
286 292 
286 294 
287 135 
287 136 
287 155 
287 158 
287 159 
287 160 
287 161 
287 162 
287 163 
287 164 
287 165 
287 166 
287 167 
287 182 
287 184 
287 187 
287 265 
287 266 
287 267 
287 268 
287 271 
287 280 
287 281 
287 282 
287 287 
287 288 
287 289 
287 292 
287 293 
287 294 
287 295 
287 296 
288 162 
288 166 
288 167 
288 181 
288 182 
288 184 
288 264 
288 265 
288 267 
288 279 
288 280 
288 287 
288 288 
288 289 
288 291 
288 292 
288 293 
288 294 
289 150 
289 151 
289 152 
289 153 
289 167 
289 168 
289 179 
289 180 
289 181 
289 184 
289 185 
289 186 
289 187 
289 188 
289 267 
289 280 
289 287 
289 289 
289 290 
289 291 
289 294 
289 295 
290 153 
290 157 
290 159 
290 160 
290 161 
290 162 
290 163 
290 164 
290 165 
290 166 
290 167 
290 178 
290 179 
290 183 
290 184 
290 188 
290 190 
290 266 
290 267 
290 276 
290 277 
290 278 
290 279 
290 280 
290 287 
290 289 
291 150 
291 151 
291 152 
291 153 
291 154 
291 155 
291 156 
291 157 
291 158 
291 159 
291 162 
291 163 
291 165 
291 166 
291 167 
291 179 
291 180 
291 188 
291 189 
291 190 
291 191 
291 192 
291 193 
291 267 
291 276 
291 278 
291 279 
291 289 
291 291 
292 152 
292 153 
292 159 
292 162 
292 166 
292 180 
292 188 
292 190 
292 192 
292 267 
292 277 
292 278 
292 288 
292 289 
292 290 
292 291 
292 292 
293 153 
293 159 
293 162 
293 179 
293 180 
293 263 
293 264 
293 265 
293 266 
293 267 
293 277 
293 278 
293 279 
293 280 
293 281 
293 289 
294 149 
294 153 
294 154 
294 158 
294 159 
294 160 
294 161 
294 162 
294 180 
294 267 
294 277 
294 279 
294 289 
294 294 
294 300 
295 144 
295 146 
295 147 
295 148 
295 149 
295 150 
295 151 
295 152 
295 153 
295 160 
295 162 
295 180 
295 267 
295 273 
295 274 
295 275 
295 276 
295 277 
295 279 
295 289 
295 293 
295 294 
295 300 
296 144 
296 145 
296 147 
296 148 
296 152 
296 160 
296 162 
296 180 
296 274 
296 288 
296 289 
296 290 
296 291 
296 292 
296 293 
296 298 
296 299 
296 300 
296 301 
297 145 
297 146 
297 147 
297 151 
297 152 
297 160 
297 173 
297 174 
297 175 
297 176 
297 177 
297 178 
297 179 
297 180 
297 184 
297 287 
297 288 
297 292 
297 293 
297 296 
297 298 
298 146 
298 152 
298 159 
298 160 
298 177 
298 180 
298 181 
298 182 
298 183 
298 184 
298 284 
298 285 
298 286 
298 287 
298 288 
298 292 
298 293 
298 294 
298 295 
298 296 
298 297 
298 298 
298 299 
298 300 
299 146 
299 152 
299 177 
299 180 
299 182 
299 184 
299 286 
299 292 
299 293 
299 294 
299 297 
299 299 
300 142 
300 144 
300 145 
300 146 
300 172 
300 176 
300 177 
300 184 
300 189 
300 193 
300 285 
300 286 
300 293 
300 297 
301 142 
301 143 
301 144 
301 171 
301 172 
301 173 
301 174 
301 175 
301 176 
301 177 
301 178 
301 179 
301 183 
301 184 
301 188 
301 189 
301 193 
301 284 
301 285 
301 293 
301 297 
302 144 
302 158 
302 172 
302 177 
302 178 
302 179 
302 184 
302 186 
302 188 
302 193 
302 195 
302 197 
302 277 
302 278 
302 279 
302 280 
302 285 
302 293 
302 294 
302 295 
302 296 
303 139 
303 140 
303 141 
303 143 
303 144 
303 158 
303 159 
303 165 
303 168 
303 171 
303 172 
303 176 
303 177 
303 184 
303 185 
303 186 
303 187 
303 188 
303 193 
303 194 
303 195 
303 196 
303 197 
303 280 
303 281 
303 282 
303 283 
303 284 
303 285 
303 286 
303 292 
303 293 
303 295 
303 296 
304 140 
304 141 
304 142 
304 143 
304 144 
304 151 
304 152 
304 153 
304 154 
304 155 
304 156 
304 157 
304 158 
304 159 
304 160 
304 161 
304 162 
304 163 
304 164 
304 165 
304 166 
304 168 
304 169 
304 170 
304 171 
304 172 
304 175 
304 176 
304 177 
304 183 
304 184 
304 186 
304 194 
304 279 
304 280 
304 282 
304 283 
304 285 
304 286 
304 287 
304 293 
305 139 
305 140 
305 143 
305 144 
305 145 
305 155 
305 159 
305 166 
305 167 
305 168 
305 169 
305 172 
305 174 
305 175 
305 177 
305 186 
305 187 
305 188 
305 189 
305 190 
305 191 
305 192 
305 193 
305 194 
305 279 
305 281 
305 282 
305 285 
305 287 
305 288 
305 289 
305 293 
305 294 
306 140 
306 145 
306 159 
306 166 
306 167 
306 168 
306 174 
306 176 
306 177 
306 184 
306 185 
306 186 
306 190 
306 194 
306 195 
306 279 
306 281 
306 283 
306 284 
306 285 
306 288 
306 294 
306 295 
306 300 
306 301 
307 140 
307 141 
307 145 
307 159 
307 166 
307 172 
307 173 
307 174 
307 177 
307 181 
307 182 
307 183 
307 184 
307 188 
307 189 
307 190 
307 277 
307 279 
307 284 
307 288 
307 293 
307 294 
307 295 
307 296 
307 297 
307 300 
307 301 
308 140 
308 159 
308 166 
308 167 
308 174 
308 177 
308 181 
308 187 
308 188 
308 275 
308 276 
308 277 
308 278 
308 279 
308 288 
308 293 
308 296 
308 297 
308 298 
308 299 
308 300 
309 139 
309 140 
309 141 
309 159 
309 163 
309 164 
309 165 
309 166 
309 171 
309 172 
309 173 
309 174 
309 188 
309 272 
309 273 
309 275 
309 279 
309 287 
309 288 
309 289 
309 296 
309 297 
309 300 
309 301 
310 155 
310 156 
310 157 
310 158 
310 159 
310 161 
310 162 
310 163 
310 174 
310 175 
310 187 
310 188 
310 189 
310 204 
310 272 
310 273 
310 274 
310 275 
310 277 
310 278 
310 279 
310 284 
310 285 
310 286 
310 287 
310 289 
310 295 
310 296 
310 297 
310 300 
311 156 
311 162 
311 174 
311 187 
311 188 
311 189 
311 191 
311 192 
311 204 
311 205 
311 206 
311 272 
311 275 
311 277 
311 279 
311 280 
311 289 
311 300 
311 301 
311 304 
312 156 
312 162 
312 174 
312 188 
312 189 
312 190 
312 191 
312 199 
312 202 
312 203 
312 204 
312 206 
312 277 
312 280 
312 288 
312 289 
312 300 
312 301 
312 302 
312 303 
312 304 
312 305 
312 306 
312 307 
313 160 
313 161 
313 162 
313 173 
313 174 
313 187 
313 188 
313 190 
313 191 
313 198 
313 199 
313 200 
313 201 
313 202 
313 277 
313 280 
313 281 
313 298 
313 299 
313 300 
313 305 
314 157 
314 158 
314 159 
314 160 
314 161 
314 174 
314 191 
314 192 
314 199 
314 202 
314 203 
314 204 
314 205 
314 206 
314 266 
314 272 
314 273 
314 274 
314 275 
314 276 
314 277 
314 281 
314 282 
314 300 
314 305 
314 306 
314 311 
315 158 
315 159 
315 161 
315 174 
315 191 
315 192 
315 193 
315 194 
315 195 
315 196 
315 197 
315 198 
315 199 
315 200 
315 202 
315 204 
315 266 
315 272 
315 274 
315 282 
315 300 
315 306 
315 307 
315 308 
315 309 
315 311 
316 159 
316 161 
316 171 
316 174 
316 175 
316 191 
316 193 
316 197 
316 202 
316 204 
316 205 
316 266 
316 267 
316 268 
316 269 
316 270 
316 271 
316 272 
316 274 
316 275 
316 276 
316 299 
316 300 
316 301 
316 302 
316 307 
316 309 
316 310 
316 311 
317 156 
317 157 
317 158 
317 159 
317 161 
317 169 
317 170 
317 171 
317 172 
317 173 
317 174 
317 188 
317 189 
317 190 
317 191 
317 197 
317 198 
317 202 
317 203 
317 205 
317 206 
317 207 
317 266 
317 268 
317 270 
317 274 
317 276 
317 277 
317 278 
317 299 
317 300 
317 307 
317 309 
317 311 
318 163 
318 164 
318 165 
318 166 
318 167 
318 168 
318 169 
318 174 
318 187 
318 188 
318 191 
318 197 
318 206 
318 274 
318 297 
318 298 
318 299 
318 309 
318 310 
319 168 
319 174 
319 188 
319 191 
319 192 
319 193 
319 194 
319 195 
319 206 
319 207 
319 208 
319 274 
319 298 
319 309 
319 310 
319 311 
320 168 
320 173 
320 174 
320 191 
320 193 
320 206 
320 207 
320 273 
320 274 
320 297 
320 298 
320 299 
320 300 
320 301 
320 309 
320 310 
321 174 
321 190 
321 191 
321 193 
321 194 
321 195 
321 205 
321 206 
321 207 
321 208 
321 209 
321 274 
321 297 
321 298 
321 299 
321 301 
321 309 
321 310 
322 167 
322 168 
322 171 
322 172 
322 173 
322 174 
322 175 
322 176 
322 191 
322 193 
322 206 
322 207 
322 273 
322 274 
322 275 
322 296 
322 297 
322 310 
323 168 
323 169 
323 170 
323 171 
323 173 
323 193 
323 194 
323 195 
323 196 
323 206 
323 207 
323 275 
323 297 
323 310 
323 311 
323 312 
323 314 
324 169 
324 173 
324 195 
324 206 
324 275 
324 297 
324 298 
324 311 
324 312 
324 313 
324 314 
324 315 
324 316 
325 160 
325 161 
325 173 
325 195 
325 272 
325 273 
325 274 
325 275 
325 276 
325 277 
325 297 
325 311 
326 161 
326 162 
326 163 
326 164 
326 165 
326 166 
326 170 
326 171 
326 172 
326 173 
326 174 
326 176 
326 195 
326 273 
326 275 
326 276 
326 297 
326 298 
326 311 
326 312 
327 161 
327 162 
327 164 
327 166 
327 167 
327 168 
327 169 
327 170 
327 171 
327 174 
327 175 
327 176 
327 275 
327 297 
327 311 
328 160 
328 161 
328 164 
328 165 
328 166 
328 167 
328 174 
328 176 
328 177 
328 273 
328 274 
328 275 
328 295 
328 297 
328 298 
328 310 
328 311 
328 312 
328 313 
328 314 
329 160 
329 164 
329 165 
329 176 
329 177 
329 293 
329 294 
329 295 
329 296 
329 297 
330 153 
330 154 
330 155 
330 158 
330 159 
330 160 
330 161 
330 169 
330 170 
330 171 
330 172 
330 173 
330 174 
330 175 
330 176 
330 297 
330 298 
331 153 
331 155 
331 156 
331 157 
331 158 
331 171 
331 176 
331 177 
331 182 
331 184 
331 185 
331 295 
331 296 
331 297 
332 157 
332 169 
332 170 
332 171 
332 177 
332 178 
332 179 
332 180 
332 181 
332 182 
332 183 
332 184 
332 295 
332 296 
332 297 
332 298 
333 157 
333 169 
333 174 
333 175 
333 176 
333 177 
333 179 
333 182 
333 183 
333 298 
333 299 
333 300 
334 156 
334 157 
334 170 
334 171 
334 172 
334 173 
334 174 
334 176 
334 177 
334 179 
334 293 
334 297 
334 298 
335 156 
335 170 
335 177 
335 179 
335 292 
335 293 
335 294 
335 295 
335 296 
335 297 
335 298 
336 156 
336 170 
336 177 
336 179 
336 182 
336 292 
336 295 
336 298 
337 167 
337 168 
337 169 
337 170 
337 178 
337 179 
337 180 
337 181 
337 182 
337 298 
337 299 
337 300 
338 178 
338 181 
338 296 
338 297 
338 298 
339 176 
339 178 
339 181 
339 182 
339 183 
339 192 
339 193 
339 194 
339 195 
339 298 
340 176 
340 177 
340 178 
340 181 
340 183 
340 184 
340 192 
340 297 
340 298 
340 299 
341 177 
341 178 
341 184 
341 185 
341 186 
341 187 
341 188 
341 189 
341 190 
341 191 
341 192 
341 299 
341 300 
342 176 
342 177 
342 184 
342 185 
342 189 
342 192 
342 193 
342 194 
342 298 
342 299 
343 152 
343 177 
343 185 
343 186 
343 187 
343 192 
343 299 
344 149 
344 150 
344 151 
344 152 
344 155 
344 172 
344 173 
344 174 
344 175 
344 176 
344 177 
344 178 
344 179 
344 187 
344 188 
344 192 
345 146 
345 147 
345 148 
345 149 
345 152 
345 153 
345 154 
345 155 
345 156 
345 158 
345 161 
345 170 
345 171 
345 172 
345 175 
345 177 
345 179 
345 180 
345 181 
345 182 
346 148 
346 152 
346 156 
346 157 
346 158 
346 159 
346 160 
346 161 
346 162 
346 163 
346 164 
346 171 
346 172 
346 176 
346 177 
346 182 
347 156 
347 160 
347 164 
347 165 
347 166 
347 168 
347 169 
347 170 
347 171 
347 175 
347 176 
347 177 
347 182 
347 183 
348 154 
348 155 
348 156 
348 160 
348 165 
348 166 
348 167 
348 168 
348 171 
348 176 
348 183 
349 153 
349 154 
349 159 
349 160 
349 161 
349 165 
349 166 
349 168 
349 171 
349 175 
349 176 
349 177 
349 178 
349 179 
349 183 
350 153 
350 158 
350 159 
350 161 
350 164 
350 165 
350 171 
350 177 
350 179 
350 183 
350 184 
351 153 
351 154 
351 155 
351 161 
351 162 
351 170 
351 171 
351 172 
351 176 
351 177 
351 179 
351 183 
351 184 
351 185 
352 152 
352 153 
352 155 
352 168 
352 169 
352 170 
352 171 
352 172 
352 176 
352 185 
352 187 
352 188 
353 168 
353 171 
353 172 
353 176 
353 185 
353 186 
353 187 
353 188 
354 168 
354 170 
354 171 
354 175 
354 176 
354 177 
354 178 
354 184 
354 185 
354 187 
355 167 
355 168 
355 171 
355 177 
355 184 
355 185 
355 187 
355 189 
355 190 
355 191 
356 170 
356 171 
356 177 
356 187 
356 188 
356 189 
357 169 
357 170 
357 177 
357 187 
357 189 
357 190 
358 165 
358 170 
358 177 
358 187 
358 190 
358 191 
358 192 
359 165 
359 166 
359 167 
359 168 
359 169 
359 170 
359 171 
359 187 
359 190 
359 195 
360 165 
360 169 
360 171 
360 190 
360 195 
361 165 
361 169 
361 171 
361 190 
361 193 
361 194 
361 195 
362 171 
362 186 
362 187 
362 190 
362 191 
362 192 
362 193 
362 194 
362 199 
363 171 
363 187 
363 188 
363 189 
363 190 
363 194 
363 195 
363 196 
363 199 
364 171 
364 172 
364 173 
364 174 
364 187 
364 190 
364 196 
364 197 
364 198 
364 199 
364 201 
364 202 
364 203 
364 204 
364 205 
364 206 
365 169 
365 170 
365 171 
365 173 
365 174 
365 187 
365 188 
365 190 
365 199 
365 200 
365 201 
365 206 
366 171 
366 185 
366 186 
366 187 
366 190 
366 191 
366 199 
366 200 
366 201 
366 202 
366 206 
366 207 
367 171 
367 189 
367 190 
367 199 
367 201 
367 206 
368 171 
368 172 
368 190 
368 191 
368 199 
368 200 
369 170 
369 171 
369 172 
369 189 
369 190 
369 191 
369 192 
369 193 
369 194 
369 199 
369 200 
370 170 
370 171 
370 190 
370 194 
371 171 
371 188 
371 189 
371 190 
371 191 
372 170 
372 171 
372 190 
373 171 
373 172 
373 173 
373 174 
373 189 
373 190 
373 191 
374 171 
374 189 
374 191 
374 192 
375 171 
375 186 
375 187 
375 188 
375 189 
375 191 
375 192 
376 171 
376 187 
376 188 
376 189 
376 192 
376 198 
377 171 
377 187 
377 192 
377 193 
377 197 
377 198 
378 171 
378 187 
378 193 
378 194 
378 195 
378 196 
378 197 
378 200 
378 201 
379 171 
379 184 
379 185 
379 186 
379 187 
379 191 
379 193 
379 194 
379 195 
379 198 
379 199 
379 200 
379 201 
379 202 
380 167 
380 168 
380 169 
380 170 
380 171 
380 184 
380 187 
380 188 
380 189 
380 190 
380 191 
380 192 
380 193 
380 195 
380 196 
380 197 
380 198 
380 199 
380 200 
381 168 
381 170 
381 189 
381 192 
381 195 
381 199 
381 200 
382 167 
382 168 
382 169 
382 191 
382 192 
382 195 
382 196 
382 200 
383 166 
383 167 
383 169 
383 195 
383 200 
384 167 
384 195 
384 196 
385 167 
385 194 
385 195 
385 196 
386 167 
386 192 
386 195 
386 196 
386 197 
386 198 
386 199 
387 192 
387 193 
387 194 
387 195 
388 188 
388 189 
388 190 
388 191 
388 192 
388 193 
388 195 
388 198 
389 191 
389 193 
389 195 
389 196 
389 197 
389 198 
390 191 
390 193 
390 195 
390 197 
391 190 
391 191 
391 193 
391 197 
392 190 
392 193 
393 193 
394 193 
394 194 
395 194 
396 193 
396 194 
396 195 
396 196 
397 193 
397 196 
398 192 
398 193 
398 194 
399 192 
